1.067133539759711036e+00 -1.477238738055419998e-01 0.000000000000000000e+00
1.067134093716493259e+00 -1.477231654371647107e-01 0.000000000000000000e+00
1.067134647673275483e+00 -1.477224570687874217e-01 0.000000000000000000e+00
1.067135201630057928e+00 -1.477217487004101326e-01 0.000000000000000000e+00
1.067135755586839929e+00 -1.477210403320328436e-01 0.000000000000000000e+00
1.067136309543622152e+00 -1.477203319636555545e-01 0.000000000000000000e+00
1.067136863500404598e+00 -1.477196235952782655e-01 0.000000000000000000e+00
1.067137417457186821e+00 -1.477189152269009764e-01 0.000000000000000000e+00
1.067137971413969044e+00 -1.477182068585236874e-01 0.000000000000000000e+00
1.067138525370751267e+00 -1.477174984901463983e-01 0.000000000000000000e+00
1.067139079327533491e+00 -1.477167901217691093e-01 0.000000000000000000e+00
1.067139633284315714e+00 -1.477160817533918480e-01 0.000000000000000000e+00
1.067140187241097937e+00 -1.477153733850145589e-01 0.000000000000000000e+00
1.067140741197880160e+00 -1.477146650166372421e-01 0.000000000000000000e+00
1.067141295154662606e+00 -1.477139566482599808e-01 0.000000000000000000e+00
1.067141849111444607e+00 -1.477132482798826918e-01 0.000000000000000000e+00
1.067142403068226830e+00 -1.477125399115054027e-01 0.000000000000000000e+00
1.067142957025009276e+00 -1.477118315431281137e-01 0.000000000000000000e+00
1.067143510981791499e+00 -1.477111231747508246e-01 0.000000000000000000e+00
1.067144064938573722e+00 -1.477104148063735356e-01 0.000000000000000000e+00
1.067144618895355945e+00 -1.477097064379962466e-01 0.000000000000000000e+00
1.067145172852138169e+00 -1.477089980696189575e-01 0.000000000000000000e+00
1.067145726808920392e+00 -1.477082897012416407e-01 0.000000000000000000e+00
1.067146280765702615e+00 -1.477075813328643794e-01 0.000000000000000000e+00
1.067146834722484838e+00 -1.477068729644870904e-01 0.000000000000000000e+00
1.067147388679267284e+00 -1.477061645961098013e-01 0.000000000000000000e+00
1.067147942636049285e+00 -1.477054562277324845e-01 0.000000000000000000e+00
1.067148496592831508e+00 -1.477047478593551955e-01 0.000000000000000000e+00
1.067149050549613731e+00 -1.477040394909779342e-01 0.000000000000000000e+00
1.067149604506396177e+00 -1.477033311226006451e-01 0.000000000000000000e+00
1.067150158463178400e+00 -1.477026227542233283e-01 0.000000000000000000e+00
1.067150712419960623e+00 -1.477019143858460670e-01 0.000000000000000000e+00
1.067151266376742846e+00 -1.477012060174687780e-01 0.000000000000000000e+00
1.067151820333525070e+00 -1.477004976490914889e-01 0.000000000000000000e+00
1.067152374290307293e+00 -1.476997892807141999e-01 0.000000000000000000e+00
1.067152928247089516e+00 -1.476990809123369108e-01 0.000000000000000000e+00
1.067153482203871961e+00 -1.476983725439596218e-01 0.000000000000000000e+00
1.067154036160653963e+00 -1.476976641755823327e-01 0.000000000000000000e+00
1.067154590117436408e+00 -1.476969558072050437e-01 0.000000000000000000e+00
1.067155144074218409e+00 -1.476962474388277546e-01 0.000000000000000000e+00
1.067155698031000632e+00 -1.476955390704504656e-01 0.000000000000000000e+00
1.067156251987783078e+00 -1.476948307020731765e-01 0.000000000000000000e+00
1.067156805944565301e+00 -1.476941223336958875e-01 0.000000000000000000e+00
1.067157359901347524e+00 -1.476934139653185984e-01 0.000000000000000000e+00
1.067157913858129525e+00 -1.476927055969413094e-01 0.000000000000000000e+00
1.067158467814911971e+00 -1.476919972285640204e-01 0.000000000000000000e+00
1.067159021771694194e+00 -1.476912888601867313e-01 0.000000000000000000e+00
1.067159575728476417e+00 -1.476905804918094423e-01 0.000000000000000000e+00
1.067160129685258640e+00 -1.476898721234321532e-01 0.000000000000000000e+00
1.067160683642041086e+00 -1.476891637550548642e-01 0.000000000000000000e+00
1.067161237598823087e+00 -1.476884553866775751e-01 0.000000000000000000e+00
1.067161791555605532e+00 -1.476877470183002861e-01 0.000000000000000000e+00
1.067162345512387533e+00 -1.476870386499229970e-01 0.000000000000000000e+00
1.067162899469169979e+00 -1.476863302815457080e-01 0.000000000000000000e+00
1.067163453425952202e+00 -1.476856219131684189e-01 0.000000000000000000e+00
1.067164007382734425e+00 -1.476849135447911576e-01 0.000000000000000000e+00
1.067164561339516649e+00 -1.476842051764138686e-01 0.000000000000000000e+00
1.067165115296298872e+00 -1.476834968080365518e-01 0.000000000000000000e+00
1.067165669253081095e+00 -1.476827884396592627e-01 0.000000000000000000e+00
1.067166223209863318e+00 -1.476820800712820014e-01 0.000000000000000000e+00
1.067166777166645764e+00 -1.476813717029047124e-01 0.000000000000000000e+00
1.067167331123427765e+00 -1.476806633345274233e-01 0.000000000000000000e+00
1.067167885080210210e+00 -1.476799549661501343e-01 0.000000000000000000e+00
1.067168439036992433e+00 -1.476792465977728452e-01 0.000000000000000000e+00
1.067168992993774657e+00 -1.476785382293955562e-01 0.000000000000000000e+00
1.067169546950556880e+00 -1.476778298610182671e-01 0.000000000000000000e+00
1.067170100907339103e+00 -1.476771214926409781e-01 0.000000000000000000e+00
1.067170654864121326e+00 -1.476764131242636890e-01 0.000000000000000000e+00
1.067171208820903550e+00 -1.476757047558864000e-01 0.000000000000000000e+00
1.067171762777685773e+00 -1.476749963875091110e-01 0.000000000000000000e+00
1.067172316734467996e+00 -1.476742880191318219e-01 0.000000000000000000e+00
1.067172870691250219e+00 -1.476735796507545329e-01 0.000000000000000000e+00
1.067173424648032665e+00 -1.476728712823772438e-01 0.000000000000000000e+00
1.067173978604814888e+00 -1.476721629139999548e-01 0.000000000000000000e+00
1.067174532561597111e+00 -1.476714545456226657e-01 0.000000000000000000e+00
1.067175086518379334e+00 -1.476707461772454044e-01 0.000000000000000000e+00
1.067175640475161558e+00 -1.476700378088680876e-01 0.000000000000000000e+00
1.067176194431943781e+00 -1.476693294404907986e-01 0.000000000000000000e+00
1.067176748388726004e+00 -1.476686210721135095e-01 0.000000000000000000e+00
1.067177302345508227e+00 -1.476679127037362482e-01 0.000000000000000000e+00
1.067177856302290451e+00 -1.476672043353589314e-01 0.000000000000000000e+00
1.067178410259072674e+00 -1.476664959669816424e-01 0.000000000000000000e+00
1.067178964215854897e+00 -1.476657875986043811e-01 0.000000000000000000e+00
1.067179518172637342e+00 -1.476650792302270920e-01 0.000000000000000000e+00
1.067180072129419344e+00 -1.476643708618497752e-01 0.000000000000000000e+00
1.067180626086201789e+00 -1.476636624934724862e-01 0.000000000000000000e+00
1.067181180042984012e+00 -1.476629541250951971e-01 0.000000000000000000e+00
1.067181733999766235e+00 -1.476622457567179358e-01 0.000000000000000000e+00
1.067182287956548459e+00 -1.476615373883406190e-01 0.000000000000000000e+00
1.067182841913330682e+00 -1.476608290199633300e-01 0.000000000000000000e+00
1.067183395870112905e+00 -1.476601206515860409e-01 0.000000000000000000e+00
1.067183949826895129e+00 -1.476594122832087519e-01 0.000000000000000000e+00
1.067184503783677352e+00 -1.476587039148314628e-01 0.000000000000000000e+00
1.067185057740459575e+00 -1.476579955464541738e-01 0.000000000000000000e+00
1.067185611697242020e+00 -1.476572871780768847e-01 0.000000000000000000e+00
1.067186165654024022e+00 -1.476565788096995957e-01 0.000000000000000000e+00
1.067186719610806467e+00 -1.476558704413223067e-01 0.000000000000000000e+00
1.067187273567588690e+00 -1.476551620729450176e-01 0.000000000000000000e+00
1.067187827524370913e+00 -1.476544537045677286e-01 0.000000000000000000e+00
1.067188381481153137e+00 -1.476537453361904673e-01 0.000000000000000000e+00
1.067188935437935360e+00 -1.476530369678131782e-01 0.000000000000000000e+00
1.067189489394717583e+00 -1.476523285994358614e-01 0.000000000000000000e+00
1.067190043351499806e+00 -1.476516202310586001e-01 0.000000000000000000e+00
1.067190597308282030e+00 -1.476509118626813111e-01 0.000000000000000000e+00
1.067191151265064253e+00 -1.476502034943040220e-01 0.000000000000000000e+00
1.067191705221846698e+00 -1.476494951259267330e-01 0.000000000000000000e+00
1.067192259178628699e+00 -1.476487867575494439e-01 0.000000000000000000e+00
1.067192813135411145e+00 -1.476480783891721549e-01 0.000000000000000000e+00
1.067193367092193368e+00 -1.476473700207948658e-01 0.000000000000000000e+00
1.067193921048975591e+00 -1.476466616524175768e-01 0.000000000000000000e+00
1.067194475005757814e+00 -1.476459532840402877e-01 0.000000000000000000e+00
1.067195028962540038e+00 -1.476452449156629987e-01 0.000000000000000000e+00
1.067195582919322261e+00 -1.476445365472857096e-01 0.000000000000000000e+00
1.067196136876104484e+00 -1.476438281789084206e-01 0.000000000000000000e+00
1.067196690832886707e+00 -1.476431198105311315e-01 0.000000000000000000e+00
1.067197244789668931e+00 -1.476424114421538425e-01 0.000000000000000000e+00
1.067197798746451376e+00 -1.476417030737765534e-01 0.000000000000000000e+00
1.067198352703233599e+00 -1.476409947053992644e-01 0.000000000000000000e+00
1.067198906660015822e+00 -1.476402863370219753e-01 0.000000000000000000e+00
1.067199460616798046e+00 -1.476395779686446863e-01 0.000000000000000000e+00
1.067200014573580269e+00 -1.476388696002674250e-01 0.000000000000000000e+00
1.067200568530362492e+00 -1.476381612318901082e-01 0.000000000000000000e+00
1.067201122487144715e+00 -1.476374528635128192e-01 0.000000000000000000e+00
1.067201676443926939e+00 -1.476367444951355301e-01 0.000000000000000000e+00
1.067202230400709162e+00 -1.476360361267582688e-01 0.000000000000000000e+00
1.067202784357491385e+00 -1.476353277583809798e-01 0.000000000000000000e+00
1.067203338314273608e+00 -1.476346193900036630e-01 0.000000000000000000e+00
1.067203892271056054e+00 -1.476339110216264017e-01 0.000000000000000000e+00
1.067204446227838055e+00 -1.476332026532491126e-01 0.000000000000000000e+00
1.067205000184620500e+00 -1.476324942848718236e-01 0.000000000000000000e+00
1.067205554141402724e+00 -1.476317859164945068e-01 0.000000000000000000e+00
1.067206108098184947e+00 -1.476310775481172455e-01 0.000000000000000000e+00
1.067206662054967170e+00 -1.476303691797399564e-01 0.000000000000000000e+00
1.067207216011749393e+00 -1.476296608113626674e-01 0.000000000000000000e+00
1.067207769968531617e+00 -1.476289524429853506e-01 0.000000000000000000e+00
1.067208323925313840e+00 -1.476282440746080615e-01 0.000000000000000000e+00
1.067208877882096063e+00 -1.476275357062308002e-01 0.000000000000000000e+00
1.067209431838878286e+00 -1.476268273378535112e-01 0.000000000000000000e+00
1.067209985795660732e+00 -1.476261189694761944e-01 0.000000000000000000e+00
1.067210539752442733e+00 -1.476254106010989053e-01 0.000000000000000000e+00
1.067211093709225178e+00 -1.476247022327216163e-01 0.000000000000000000e+00
1.067211647666007401e+00 -1.476239938643443550e-01 0.000000000000000000e+00
1.067212201622789625e+00 -1.476232854959670660e-01 0.000000000000000000e+00
1.067212755579571848e+00 -1.476225771275897491e-01 0.000000000000000000e+00
1.067213309536354071e+00 -1.476218687592124879e-01 0.000000000000000000e+00
1.067213863493136294e+00 -1.476211603908351988e-01 0.000000000000000000e+00
1.067214417449918518e+00 -1.476204520224579375e-01 0.000000000000000000e+00
1.067214971406700741e+00 -1.476197436540806207e-01 0.000000000000000000e+00
1.067215525363482964e+00 -1.476190352857033317e-01 0.000000000000000000e+00
1.067216079320265187e+00 -1.476183269173260426e-01 0.000000000000000000e+00
1.067216633277047411e+00 -1.476176185489487536e-01 0.000000000000000000e+00
1.067217187233829856e+00 -1.476169101805714645e-01 0.000000000000000000e+00
1.067217741190612079e+00 -1.476162018121941755e-01 0.000000000000000000e+00
1.067218295147394302e+00 -1.476154934438168864e-01 0.000000000000000000e+00
1.067218849104176526e+00 -1.476147850754395974e-01 0.000000000000000000e+00
1.067219403060958749e+00 -1.476140767070623083e-01 0.000000000000000000e+00
1.067219957017740972e+00 -1.476133683386850193e-01 0.000000000000000000e+00
1.067220510974523195e+00 -1.476126599703077302e-01 0.000000000000000000e+00
1.067221064931305419e+00 -1.476119516019304412e-01 0.000000000000000000e+00
1.067221618888087642e+00 -1.476112432335531521e-01 0.000000000000000000e+00
1.067222172844870087e+00 -1.476105348651758908e-01 0.000000000000000000e+00
1.067222726801652088e+00 -1.476098264967985740e-01 0.000000000000000000e+00
1.067223280758434534e+00 -1.476091181284212850e-01 0.000000000000000000e+00
1.067223834715216757e+00 -1.476084097600439959e-01 0.000000000000000000e+00
1.067224388671998980e+00 -1.476077013916667346e-01 0.000000000000000000e+00
1.067224942628781204e+00 -1.476069930232894178e-01 0.000000000000000000e+00
1.067225496585563427e+00 -1.476062846549121288e-01 0.000000000000000000e+00
1.067226050542345650e+00 -1.476055762865348675e-01 0.000000000000000000e+00
1.067226604499127873e+00 -1.476048679181575785e-01 0.000000000000000000e+00
1.067227158455910097e+00 -1.476041595497802894e-01 0.000000000000000000e+00
1.067227712412692320e+00 -1.476034511814030004e-01 0.000000000000000000e+00
1.067228266369474543e+00 -1.476027428130257113e-01 0.000000000000000000e+00
1.067228820326256766e+00 -1.476020344446484223e-01 0.000000000000000000e+00
1.067229374283039212e+00 -1.476013260762711332e-01 0.000000000000000000e+00
1.067229928239821435e+00 -1.476006177078938442e-01 0.000000000000000000e+00
1.067230482196603658e+00 -1.475999093395165551e-01 0.000000000000000000e+00
1.067231036153385881e+00 -1.475992009711392661e-01 0.000000000000000000e+00
1.067231590110168105e+00 -1.475984926027619770e-01 0.000000000000000000e+00
1.067232144066950328e+00 -1.475977842343846880e-01 0.000000000000000000e+00
1.067232698023732551e+00 -1.475970758660073989e-01 0.000000000000000000e+00
1.067233251980514774e+00 -1.475963674976301099e-01 0.000000000000000000e+00
1.067233805937296998e+00 -1.475956591292528208e-01 0.000000000000000000e+00
1.067234359894079443e+00 -1.475949507608755318e-01 0.000000000000000000e+00
1.067234913850861444e+00 -1.475942423924982427e-01 0.000000000000000000e+00
1.067235467807643889e+00 -1.475935340241209537e-01 0.000000000000000000e+00
1.067236021764426113e+00 -1.475928256557436646e-01 0.000000000000000000e+00
1.067236575721208336e+00 -1.475921172873663756e-01 0.000000000000000000e+00
1.067237129677990559e+00 -1.475914089189890865e-01 0.000000000000000000e+00
1.067237683634772782e+00 -1.475907005506117975e-01 0.000000000000000000e+00
1.067238237591555006e+00 -1.475899921822345084e-01 0.000000000000000000e+00
1.067238791548337229e+00 -1.475892838138572194e-01 0.000000000000000000e+00
1.067239345505119452e+00 -1.475885754454799303e-01 0.000000000000000000e+00
1.067239899461901675e+00 -1.475878670771026413e-01 0.000000000000000000e+00
1.067240453418683899e+00 -1.475871587087253523e-01 0.000000000000000000e+00
1.067241007375466122e+00 -1.475864503403480632e-01 0.000000000000000000e+00
1.067241561332248567e+00 -1.475857419719707742e-01 0.000000000000000000e+00
1.067242115289030790e+00 -1.475850336035934851e-01 0.000000000000000000e+00
1.067242669245813014e+00 -1.475843252352161961e-01 0.000000000000000000e+00
1.067243223202595237e+00 -1.475836168668389070e-01 0.000000000000000000e+00
1.067243777159377460e+00 -1.475829084984616180e-01 0.000000000000000000e+00
1.067244331116159684e+00 -1.475822001300843289e-01 0.000000000000000000e+00
1.067244885072941907e+00 -1.475814917617070399e-01 0.000000000000000000e+00
1.067245439029724130e+00 -1.475807833933297786e-01 0.000000000000000000e+00
1.067245992986506353e+00 -1.475800750249524618e-01 0.000000000000000000e+00
1.067246546943288799e+00 -1.475793666565751727e-01 0.000000000000000000e+00
1.067247100900070800e+00 -1.475786582881979114e-01 0.000000000000000000e+00
1.067247654856853245e+00 -1.475779499198206224e-01 0.000000000000000000e+00
1.067248208813635468e+00 -1.475772415514433056e-01 0.000000000000000000e+00
1.067248762770417692e+00 -1.475765331830660165e-01 0.000000000000000000e+00
1.067249316727199915e+00 -1.475758248146887552e-01 0.000000000000000000e+00
1.067249870683982138e+00 -1.475751164463114662e-01 0.000000000000000000e+00
1.067250424640764361e+00 -1.475744080779341494e-01 0.000000000000000000e+00
1.067250978597546585e+00 -1.475736997095568881e-01 0.000000000000000000e+00
1.067251532554328808e+00 -1.475729913411795990e-01 0.000000000000000000e+00
1.067252086511111031e+00 -1.475722829728023100e-01 0.000000000000000000e+00
1.067252640467893254e+00 -1.475715746044250209e-01 0.000000000000000000e+00
1.067253194424675478e+00 -1.475708662360477319e-01 0.000000000000000000e+00
1.067253748381457923e+00 -1.475701578676704429e-01 0.000000000000000000e+00
1.067254302338240146e+00 -1.475694494992931538e-01 0.000000000000000000e+00
1.067254856295022147e+00 -1.475687411309158648e-01 0.000000000000000000e+00
1.067255410251804593e+00 -1.475680327625385757e-01 0.000000000000000000e+00
1.067255964208586816e+00 -1.475673243941612867e-01 0.000000000000000000e+00
1.067256518165369039e+00 -1.475666160257839976e-01 0.000000000000000000e+00
1.067257072122151262e+00 -1.475659076574067086e-01 0.000000000000000000e+00
1.067257626078933486e+00 -1.475651992890294195e-01 0.000000000000000000e+00
1.067258180035715709e+00 -1.475644909206521305e-01 0.000000000000000000e+00
1.067258733992498154e+00 -1.475637825522748414e-01 0.000000000000000000e+00
1.067259287949280155e+00 -1.475630741838975524e-01 0.000000000000000000e+00
1.067259841906062601e+00 -1.475623658155202911e-01 0.000000000000000000e+00
1.067260395862844824e+00 -1.475616574471429743e-01 0.000000000000000000e+00
1.067260949819627047e+00 -1.475609490787656852e-01 0.000000000000000000e+00
1.067261503776409270e+00 -1.475602407103884239e-01 0.000000000000000000e+00
1.067262057733191494e+00 -1.475595323420111349e-01 0.000000000000000000e+00
1.067262611689973717e+00 -1.475588239736338181e-01 0.000000000000000000e+00
1.067263165646755940e+00 -1.475581156052565290e-01 0.000000000000000000e+00
1.067263719603538163e+00 -1.475574072368792677e-01 0.000000000000000000e+00
1.067264273560320387e+00 -1.475566988685019787e-01 0.000000000000000000e+00
1.067264827517102610e+00 -1.475559905001246619e-01 0.000000000000000000e+00
1.067265381473884833e+00 -1.475552821317473728e-01 0.000000000000000000e+00
1.067265935430667279e+00 -1.475545737633701115e-01 0.000000000000000000e+00
1.067266489387449280e+00 -1.475538653949928225e-01 0.000000000000000000e+00
1.067267043344231725e+00 -1.475531570266155057e-01 0.000000000000000000e+00
1.067267597301013948e+00 -1.475524486582382444e-01 0.000000000000000000e+00
1.067268151257796172e+00 -1.475517402898609554e-01 0.000000000000000000e+00
1.067268705214578395e+00 -1.475510319214836663e-01 0.000000000000000000e+00
1.067269259171360618e+00 -1.475503235531063773e-01 0.000000000000000000e+00
1.067269813128142841e+00 -1.475496151847290882e-01 0.000000000000000000e+00
1.067270367084925065e+00 -1.475489068163517992e-01 0.000000000000000000e+00
1.067270921041707510e+00 -1.475481984479745101e-01 0.000000000000000000e+00
1.067271474998489511e+00 -1.475474900795972211e-01 0.000000000000000000e+00
1.067272028955271956e+00 -1.475467817112199320e-01 0.000000000000000000e+00
1.067272582912054180e+00 -1.475460733428426430e-01 0.000000000000000000e+00
1.067273136868836403e+00 -1.475453649744653539e-01 0.000000000000000000e+00
1.067273690825618626e+00 -1.475446566060880649e-01 0.000000000000000000e+00
1.067274244782400849e+00 -1.475439482377107758e-01 0.000000000000000000e+00
1.067274798739183073e+00 -1.475432398693334868e-01 0.000000000000000000e+00
1.067275352695965296e+00 -1.475425315009561977e-01 0.000000000000000000e+00
1.067275906652747519e+00 -1.475418231325789087e-01 0.000000000000000000e+00
1.067276460609529742e+00 -1.475411147642016196e-01 0.000000000000000000e+00
1.067277014566311966e+00 -1.475404063958243306e-01 0.000000000000000000e+00
1.067277568523094189e+00 -1.475396980274470415e-01 0.000000000000000000e+00
1.067278122479876634e+00 -1.475389896590697525e-01 0.000000000000000000e+00
1.067278676436658635e+00 -1.475382812906924634e-01 0.000000000000000000e+00
1.067279230393441081e+00 -1.475375729223151744e-01 0.000000000000000000e+00
1.067279784350223304e+00 -1.475368645539378853e-01 0.000000000000000000e+00
1.067280338307005527e+00 -1.475361561855605963e-01 0.000000000000000000e+00
1.067280892263787750e+00 -1.475354478171833073e-01 0.000000000000000000e+00
1.067281446220569974e+00 -1.475347394488060182e-01 0.000000000000000000e+00
1.067282000177352197e+00 -1.475340310804287292e-01 0.000000000000000000e+00
1.067282554134134420e+00 -1.475333227120514401e-01 0.000000000000000000e+00
1.067283108090916866e+00 -1.475326143436741511e-01 0.000000000000000000e+00
1.067283662047698867e+00 -1.475319059752968620e-01 0.000000000000000000e+00
1.067284216004481312e+00 -1.475311976069195730e-01 0.000000000000000000e+00
1.067284769961263535e+00 -1.475304892385422839e-01 0.000000000000000000e+00
1.067285323918045759e+00 -1.475297808701649949e-01 0.000000000000000000e+00
1.067285877874827982e+00 -1.475290725017877058e-01 0.000000000000000000e+00
1.067286431831610205e+00 -1.475283641334104168e-01 0.000000000000000000e+00
1.067286985788392428e+00 -1.475276557650331277e-01 0.000000000000000000e+00
1.067287539745174652e+00 -1.475269473966558664e-01 0.000000000000000000e+00
1.067288093701956875e+00 -1.475262390282785496e-01 0.000000000000000000e+00
1.067288647658739098e+00 -1.475255306599012606e-01 0.000000000000000000e+00
1.067289201615521321e+00 -1.475248222915239993e-01 0.000000000000000000e+00
1.067289755572303545e+00 -1.475241139231467102e-01 0.000000000000000000e+00
1.067290309529085990e+00 -1.475234055547693934e-01 0.000000000000000000e+00
1.067290863485867991e+00 -1.475226971863921321e-01 0.000000000000000000e+00
1.067291417442650436e+00 -1.475219888180148431e-01 0.000000000000000000e+00
1.067291971399432660e+00 -1.475212804496375540e-01 0.000000000000000000e+00
1.067292525356214883e+00 -1.475205720812602372e-01 0.000000000000000000e+00
1.067293079312997106e+00 -1.475198637128829759e-01 0.000000000000000000e+00
1.067293633269779329e+00 -1.475191553445056869e-01 0.000000000000000000e+00
1.067294187226561553e+00 -1.475184469761283979e-01 0.000000000000000000e+00
1.067294741183343776e+00 -1.475177386077511088e-01 0.000000000000000000e+00
1.067295295140126221e+00 -1.475170302393738198e-01 0.000000000000000000e+00
1.067295849096908222e+00 -1.475163218709965307e-01 0.000000000000000000e+00
1.067296403053690668e+00 -1.475156135026192417e-01 0.000000000000000000e+00
1.067296957010472891e+00 -1.475149051342419526e-01 0.000000000000000000e+00
1.067297510967255114e+00 -1.475141967658646636e-01 0.000000000000000000e+00
1.067298064924037337e+00 -1.475134883974873745e-01 0.000000000000000000e+00
1.067298618880819561e+00 -1.475127800291100855e-01 0.000000000000000000e+00
1.067299172837601784e+00 -1.475120716607327964e-01 0.000000000000000000e+00
1.067299726794384007e+00 -1.475113632923555074e-01 0.000000000000000000e+00
1.067300280751166230e+00 -1.475106549239782183e-01 0.000000000000000000e+00
1.067300834707948454e+00 -1.475099465556009293e-01 0.000000000000000000e+00
1.067301388664730677e+00 -1.475092381872236402e-01 0.000000000000000000e+00
1.067301942621512900e+00 -1.475085298188463512e-01 0.000000000000000000e+00
1.067302496578295345e+00 -1.475078214504690621e-01 0.000000000000000000e+00
1.067303050535077347e+00 -1.475071130820917731e-01 0.000000000000000000e+00
1.067303604491859792e+00 -1.475064047137145118e-01 0.000000000000000000e+00
1.067304158448642015e+00 -1.475056963453371950e-01 0.000000000000000000e+00
1.067304712405424238e+00 -1.475049879769599059e-01 0.000000000000000000e+00
1.067305266362206462e+00 -1.475042796085826446e-01 0.000000000000000000e+00
1.067305820318988685e+00 -1.475035712402053556e-01 0.000000000000000000e+00
1.067306374275770908e+00 -1.475028628718280388e-01 0.000000000000000000e+00
1.067306928232553132e+00 -1.475021545034507775e-01 0.000000000000000000e+00
1.067307482189335577e+00 -1.475014461350734885e-01 0.000000000000000000e+00
1.067308036146117578e+00 -1.475007377666961994e-01 0.000000000000000000e+00
1.067308590102900023e+00 -1.475000293983188826e-01 0.000000000000000000e+00
1.067309144059682247e+00 -1.474993210299416213e-01 0.000000000000000000e+00
1.067309698016464470e+00 -1.474986126615643323e-01 0.000000000000000000e+00
1.067310251973246693e+00 -1.474979042931870432e-01 0.000000000000000000e+00
1.067310805930028916e+00 -1.474971959248097542e-01 0.000000000000000000e+00
1.067311359886811140e+00 -1.474964875564324651e-01 0.000000000000000000e+00
1.067311913843593363e+00 -1.474957791880551761e-01 0.000000000000000000e+00
1.067312467800375586e+00 -1.474950708196778870e-01 0.000000000000000000e+00
1.067313021757157809e+00 -1.474943624513005980e-01 0.000000000000000000e+00
1.067313575713940033e+00 -1.474936540829233089e-01 0.000000000000000000e+00
1.067314129670722256e+00 -1.474929457145460199e-01 0.000000000000000000e+00
1.067314683627504701e+00 -1.474922373461687308e-01 0.000000000000000000e+00
1.067315237584286702e+00 -1.474915289777914418e-01 0.000000000000000000e+00
1.067315791541069148e+00 -1.474908206094141527e-01 0.000000000000000000e+00
1.067316345497851371e+00 -1.474901122410368637e-01 0.000000000000000000e+00
1.067316899454633372e+00 -1.474894038726595746e-01 0.000000000000000000e+00
1.067317453411415817e+00 -1.474886955042822856e-01 0.000000000000000000e+00
1.067318007368198041e+00 -1.474879871359049965e-01 0.000000000000000000e+00
1.067318561324980264e+00 -1.474872787675277075e-01 0.000000000000000000e+00
1.067319115281762487e+00 -1.474865703991504184e-01 0.000000000000000000e+00
1.067319669238544932e+00 -1.474858620307731294e-01 0.000000000000000000e+00
1.067320223195326934e+00 -1.474851536623958403e-01 0.000000000000000000e+00
1.067320777152109379e+00 -1.474844452940185513e-01 0.000000000000000000e+00
1.067321331108891602e+00 -1.474837369256412622e-01 0.000000000000000000e+00
1.067321885065673825e+00 -1.474830285572639732e-01 0.000000000000000000e+00
1.067322439022456049e+00 -1.474823201888866842e-01 0.000000000000000000e+00
1.067322992979238272e+00 -1.474816118205093951e-01 0.000000000000000000e+00
1.067323546936020495e+00 -1.474809034521321061e-01 0.000000000000000000e+00
1.067324100892802718e+00 -1.474801950837548170e-01 0.000000000000000000e+00
1.067324654849584942e+00 -1.474794867153775280e-01 0.000000000000000000e+00
1.067325208806367165e+00 -1.474787783470002389e-01 0.000000000000000000e+00
1.067325762763149388e+00 -1.474780699786229499e-01 0.000000000000000000e+00
1.067326316719931611e+00 -1.474773616102456608e-01 0.000000000000000000e+00
1.067326870676714057e+00 -1.474766532418683718e-01 0.000000000000000000e+00
1.067327424633496058e+00 -1.474759448734910827e-01 0.000000000000000000e+00
1.067327978590278503e+00 -1.474752365051137937e-01 0.000000000000000000e+00
1.067328532547060727e+00 -1.474745281367365324e-01 0.000000000000000000e+00
1.067329086503842728e+00 -1.474738197683592156e-01 0.000000000000000000e+00
1.067329640460625173e+00 -1.474731113999819265e-01 0.000000000000000000e+00
1.067330194417407396e+00 -1.474724030316046375e-01 0.000000000000000000e+00
1.067330748374189620e+00 -1.474716946632273762e-01 0.000000000000000000e+00
1.067331302330971843e+00 -1.474709862948500871e-01 0.000000000000000000e+00
1.067331856287754288e+00 -1.474702779264727703e-01 0.000000000000000000e+00
1.067332410244536289e+00 -1.474695695580955090e-01 0.000000000000000000e+00
1.067332964201318735e+00 -1.474688611897182200e-01 0.000000000000000000e+00
1.067333518158100958e+00 -1.474681528213409309e-01 0.000000000000000000e+00
1.067334072114882959e+00 -1.474674444529636141e-01 0.000000000000000000e+00
1.067334626071665404e+00 -1.474667360845863529e-01 0.000000000000000000e+00
1.067335180028447628e+00 -1.474660277162090638e-01 0.000000000000000000e+00
1.067335733985229851e+00 -1.474653193478317748e-01 0.000000000000000000e+00
1.067336287942012074e+00 -1.474646109794544857e-01 0.000000000000000000e+00
1.067336841898794297e+00 -1.474639026110771967e-01 0.000000000000000000e+00
1.067337395855576521e+00 -1.474631942426999076e-01 0.000000000000000000e+00
1.067337949812358744e+00 -1.474624858743226186e-01 0.000000000000000000e+00
1.067338503769140967e+00 -1.474617775059453295e-01 0.000000000000000000e+00
1.067339057725923190e+00 -1.474610691375680405e-01 0.000000000000000000e+00
1.067339611682705414e+00 -1.474603607691907514e-01 0.000000000000000000e+00
1.067340165639487637e+00 -1.474596524008134624e-01 0.000000000000000000e+00
1.067340719596270082e+00 -1.474589440324361733e-01 0.000000000000000000e+00
1.067341273553052083e+00 -1.474582356640588843e-01 0.000000000000000000e+00
1.067341827509834529e+00 -1.474575272956815952e-01 0.000000000000000000e+00
1.067342381466616752e+00 -1.474568189273043062e-01 0.000000000000000000e+00
1.067342935423398975e+00 -1.474561105589270449e-01 0.000000000000000000e+00
1.067343489380181198e+00 -1.474554021905497281e-01 0.000000000000000000e+00
1.067344043336963644e+00 -1.474546938221724390e-01 0.000000000000000000e+00
1.067344597293745645e+00 -1.474539854537951500e-01 0.000000000000000000e+00
1.067345151250528090e+00 -1.474532770854178887e-01 0.000000000000000000e+00
1.067345705207310314e+00 -1.474525687170405719e-01 0.000000000000000000e+00
1.067346259164092537e+00 -1.474518603486632828e-01 0.000000000000000000e+00
1.067346813120874760e+00 -1.474511519802860215e-01 0.000000000000000000e+00
1.067347367077656983e+00 -1.474504436119087325e-01 0.000000000000000000e+00
1.067347921034439207e+00 -1.474497352435314157e-01 0.000000000000000000e+00
1.067348474991221430e+00 -1.474490268751541544e-01 0.000000000000000000e+00
1.067349028948003653e+00 -1.474483185067768654e-01 0.000000000000000000e+00
1.067349582904785876e+00 -1.474476101383995763e-01 0.000000000000000000e+00
1.067350136861568100e+00 -1.474469017700222873e-01 0.000000000000000000e+00
1.067350690818350323e+00 -1.474461934016449982e-01 0.000000000000000000e+00
1.067351244775132546e+00 -1.474454850332677092e-01 0.000000000000000000e+00
1.067351798731914769e+00 -1.474447766648904201e-01 0.000000000000000000e+00
1.067352352688697215e+00 -1.474440682965131311e-01 0.000000000000000000e+00
1.067352906645479438e+00 -1.474433599281358420e-01 0.000000000000000000e+00
1.067353460602261439e+00 -1.474426515597585530e-01 0.000000000000000000e+00
1.067354014559043884e+00 -1.474419431913812639e-01 0.000000000000000000e+00
1.067354568515826108e+00 -1.474412348230039749e-01 0.000000000000000000e+00
1.067355122472608331e+00 -1.474405264546266858e-01 0.000000000000000000e+00
1.067355676429390554e+00 -1.474398180862493968e-01 0.000000000000000000e+00
1.067356230386172999e+00 -1.474391097178721077e-01 0.000000000000000000e+00
1.067356784342955001e+00 -1.474384013494948187e-01 0.000000000000000000e+00
1.067357338299737446e+00 -1.474376929811175296e-01 0.000000000000000000e+00
1.067357892256519669e+00 -1.474369846127402406e-01 0.000000000000000000e+00
1.067358446213301670e+00 -1.474362762443629515e-01 0.000000000000000000e+00
1.067359000170084116e+00 -1.474355678759856625e-01 0.000000000000000000e+00
1.067359554126866339e+00 -1.474348595076083734e-01 0.000000000000000000e+00
1.067360108083648562e+00 -1.474341511392310844e-01 0.000000000000000000e+00
1.067360662040430785e+00 -1.474334427708537953e-01 0.000000000000000000e+00
1.067361215997213009e+00 -1.474327344024765063e-01 0.000000000000000000e+00
1.067361769953995232e+00 -1.474320260340992172e-01 0.000000000000000000e+00
1.067362323910777455e+00 -1.474313176657219282e-01 0.000000000000000000e+00
1.067362877867559678e+00 -1.474306092973446392e-01 0.000000000000000000e+00
1.067363431824341902e+00 -1.474299009289673501e-01 0.000000000000000000e+00
1.067363985781124125e+00 -1.474291925605900611e-01 0.000000000000000000e+00
1.067364539737906348e+00 -1.474284841922127720e-01 0.000000000000000000e+00
1.067365093694688793e+00 -1.474277758238354830e-01 0.000000000000000000e+00
1.067365647651470795e+00 -1.474270674554581939e-01 0.000000000000000000e+00
1.067366201608253240e+00 -1.474263590870809049e-01 0.000000000000000000e+00
1.067366755565035463e+00 -1.474256507187036158e-01 0.000000000000000000e+00
1.067367309521817687e+00 -1.474249423503263268e-01 0.000000000000000000e+00
1.067367863478599910e+00 -1.474242339819490377e-01 0.000000000000000000e+00
1.067368417435382133e+00 -1.474235256135717764e-01 0.000000000000000000e+00
1.067368971392164356e+00 -1.474228172451944596e-01 0.000000000000000000e+00
1.067369525348946802e+00 -1.474221088768171706e-01 0.000000000000000000e+00
1.067370079305729025e+00 -1.474214005084398815e-01 0.000000000000000000e+00
1.067370633262511248e+00 -1.474206921400626202e-01 0.000000000000000000e+00
1.067371187219293471e+00 -1.474199837716853034e-01 0.000000000000000000e+00
1.067371741176075695e+00 -1.474192754033080144e-01 0.000000000000000000e+00
1.067372295132857918e+00 -1.474185670349307253e-01 0.000000000000000000e+00
1.067372849089640141e+00 -1.474178586665534640e-01 0.000000000000000000e+00
1.067373403046422364e+00 -1.474171502981761472e-01 0.000000000000000000e+00
1.067373957003204588e+00 -1.474164419297988582e-01 0.000000000000000000e+00
1.067374510959986811e+00 -1.474157335614215969e-01 0.000000000000000000e+00
1.067375064916769034e+00 -1.474150251930443078e-01 0.000000000000000000e+00
1.067375618873551257e+00 -1.474143168246669910e-01 0.000000000000000000e+00
1.067376172830333481e+00 -1.474136084562897020e-01 0.000000000000000000e+00
1.067376726787115926e+00 -1.474129000879124407e-01 0.000000000000000000e+00
1.067377280743898149e+00 -1.474121917195351517e-01 0.000000000000000000e+00
1.067377834700680150e+00 -1.474114833511578349e-01 0.000000000000000000e+00
1.067378388657462596e+00 -1.474107749827805736e-01 0.000000000000000000e+00
1.067378942614244819e+00 -1.474100666144032845e-01 0.000000000000000000e+00
1.067379496571027042e+00 -1.474093582460259955e-01 0.000000000000000000e+00
1.067380050527809265e+00 -1.474086498776487064e-01 0.000000000000000000e+00
1.067380604484591489e+00 -1.474079415092714174e-01 0.000000000000000000e+00
1.067381158441373712e+00 -1.474072331408941283e-01 0.000000000000000000e+00
1.067381712398156157e+00 -1.474065247725168393e-01 0.000000000000000000e+00
1.067382266354938380e+00 -1.474058164041395780e-01 0.000000000000000000e+00
1.067382820311720604e+00 -1.474051080357622612e-01 0.000000000000000000e+00
1.067383374268502827e+00 -1.474043996673849721e-01 0.000000000000000000e+00
1.067383928225285050e+00 -1.474036912990077108e-01 0.000000000000000000e+00
1.067384482182067273e+00 -1.474029829306304218e-01 0.000000000000000000e+00
1.067385036138849497e+00 -1.474022745622531050e-01 0.000000000000000000e+00
1.067385590095631720e+00 -1.474015661938758159e-01 0.000000000000000000e+00
1.067386144052413943e+00 -1.474008578254985546e-01 0.000000000000000000e+00
1.067386698009196166e+00 -1.474001494571212656e-01 0.000000000000000000e+00
1.067387251965978390e+00 -1.473994410887439488e-01 0.000000000000000000e+00
1.067387805922760613e+00 -1.473987327203666875e-01 0.000000000000000000e+00
1.067388359879542836e+00 -1.473980243519893985e-01 0.000000000000000000e+00
1.067388913836325059e+00 -1.473973159836121094e-01 0.000000000000000000e+00
1.067389467793107505e+00 -1.473966076152348204e-01 0.000000000000000000e+00
1.067390021749889506e+00 -1.473958992468575313e-01 0.000000000000000000e+00
1.067390575706671951e+00 -1.473951908784802423e-01 0.000000000000000000e+00
1.067391129663454175e+00 -1.473944825101029532e-01 0.000000000000000000e+00
1.067391683620236398e+00 -1.473937741417256642e-01 0.000000000000000000e+00
1.067392237577018621e+00 -1.473930657733483751e-01 0.000000000000000000e+00
1.067392791533801066e+00 -1.473923574049710861e-01 0.000000000000000000e+00
1.067393345490583068e+00 -1.473916490365937970e-01 0.000000000000000000e+00
1.067393899447365513e+00 -1.473909406682165080e-01 0.000000000000000000e+00
1.067394453404147736e+00 -1.473902322998392189e-01 0.000000000000000000e+00
1.067395007360929959e+00 -1.473895239314619299e-01 0.000000000000000000e+00
1.067395561317712183e+00 -1.473888155630846408e-01 0.000000000000000000e+00
1.067396115274494406e+00 -1.473881071947073518e-01 0.000000000000000000e+00
1.067396669231276629e+00 -1.473873988263300627e-01 0.000000000000000000e+00
1.067397223188058852e+00 -1.473866904579527737e-01 0.000000000000000000e+00
1.067397777144841076e+00 -1.473859820895754846e-01 0.000000000000000000e+00
1.067398331101623299e+00 -1.473852737211981956e-01 0.000000000000000000e+00
1.067398885058405522e+00 -1.473845653528209065e-01 0.000000000000000000e+00
1.067399439015187745e+00 -1.473838569844436175e-01 0.000000000000000000e+00
1.067399992971969969e+00 -1.473831486160663284e-01 0.000000000000000000e+00
1.067400546928752192e+00 -1.473824402476890394e-01 0.000000000000000000e+00
1.067401100885534637e+00 -1.473817318793117503e-01 0.000000000000000000e+00
1.067401654842316638e+00 -1.473810235109344613e-01 0.000000000000000000e+00
1.067402208799098862e+00 -1.473803151425571722e-01 0.000000000000000000e+00
1.067402762755881307e+00 -1.473796067741798832e-01 0.000000000000000000e+00
1.067403316712663308e+00 -1.473788984058025942e-01 0.000000000000000000e+00
1.067403870669445753e+00 -1.473781900374253051e-01 0.000000000000000000e+00
1.067404424626227977e+00 -1.473774816690480161e-01 0.000000000000000000e+00
1.067404978583010422e+00 -1.473767733006707270e-01 0.000000000000000000e+00
1.067405532539792423e+00 -1.473760649322934380e-01 0.000000000000000000e+00
1.067406086496574869e+00 -1.473753565639161489e-01 0.000000000000000000e+00
1.067406640453357092e+00 -1.473746481955388599e-01 0.000000000000000000e+00
1.067407194410139315e+00 -1.473739398271615708e-01 0.000000000000000000e+00
1.067407748366921538e+00 -1.473732314587842818e-01 0.000000000000000000e+00
1.067408302323703762e+00 -1.473725230904069927e-01 0.000000000000000000e+00
1.067408856280485985e+00 -1.473718147220297037e-01 0.000000000000000000e+00
1.067409410237268208e+00 -1.473711063536524146e-01 0.000000000000000000e+00
1.067409964194050431e+00 -1.473703979852751256e-01 0.000000000000000000e+00
1.067410518150832655e+00 -1.473696896168978643e-01 0.000000000000000000e+00
1.067411072107614878e+00 -1.473689812485205475e-01 0.000000000000000000e+00
1.067411626064397101e+00 -1.473682728801432584e-01 0.000000000000000000e+00
1.067412180021179324e+00 -1.473675645117659694e-01 0.000000000000000000e+00
1.067412733977961548e+00 -1.473668561433886803e-01 0.000000000000000000e+00
1.067413287934743993e+00 -1.473661477750114190e-01 0.000000000000000000e+00
1.067413841891525994e+00 -1.473654394066341022e-01 0.000000000000000000e+00
1.067414395848308217e+00 -1.473647310382568409e-01 0.000000000000000000e+00
1.067414949805090663e+00 -1.473640226698795519e-01 0.000000000000000000e+00
1.067415503761872664e+00 -1.473633143015022351e-01 0.000000000000000000e+00
1.067416057718655109e+00 -1.473626059331250016e-01 0.000000000000000000e+00
1.067416611675437332e+00 -1.473618975647476848e-01 0.000000000000000000e+00
1.067417165632219778e+00 -1.473611891963703957e-01 0.000000000000000000e+00
1.067417719589001779e+00 -1.473604808279930789e-01 0.000000000000000000e+00
1.067418273545784002e+00 -1.473597724596158176e-01 0.000000000000000000e+00
1.067418827502566447e+00 -1.473590640912385286e-01 0.000000000000000000e+00
1.067419381459348449e+00 -1.473583557228612395e-01 0.000000000000000000e+00
1.067419935416130894e+00 -1.473576473544839505e-01 0.000000000000000000e+00
1.067420489372913117e+00 -1.473569389861066892e-01 0.000000000000000000e+00
1.067421043329695340e+00 -1.473562306177293446e-01 0.000000000000000000e+00
1.067421597286477564e+00 -1.473555222493521111e-01 0.000000000000000000e+00
1.067422151243259787e+00 -1.473548138809747943e-01 0.000000000000000000e+00
1.067422705200042010e+00 -1.473541055125975052e-01 0.000000000000000000e+00
1.067423259156824233e+00 -1.473533971442202439e-01 0.000000000000000000e+00
1.067423813113606457e+00 -1.473526887758429271e-01 0.000000000000000000e+00
1.067424367070388680e+00 -1.473519804074656658e-01 0.000000000000000000e+00
1.067424921027170903e+00 -1.473512720390883490e-01 0.000000000000000000e+00
1.067425474983953126e+00 -1.473505636707110877e-01 0.000000000000000000e+00
1.067426028940735350e+00 -1.473498553023337987e-01 0.000000000000000000e+00
1.067426582897517573e+00 -1.473491469339564819e-01 0.000000000000000000e+00
1.067427136854300018e+00 -1.473484385655792206e-01 0.000000000000000000e+00
1.067427690811082241e+00 -1.473477301972019315e-01 0.000000000000000000e+00
1.067428244767864465e+00 -1.473470218288246425e-01 0.000000000000000000e+00
1.067428798724646688e+00 -1.473463134604473534e-01 0.000000000000000000e+00
1.067429352681428911e+00 -1.473456050920700644e-01 0.000000000000000000e+00
1.067429906638211135e+00 -1.473448967236927754e-01 0.000000000000000000e+00
1.067430460594993358e+00 -1.473441883553154863e-01 0.000000000000000000e+00
1.067431014551775803e+00 -1.473434799869381973e-01 0.000000000000000000e+00
1.067431568508558026e+00 -1.473427716185609082e-01 0.000000000000000000e+00
1.067432122465340028e+00 -1.473420632501836192e-01 0.000000000000000000e+00
1.067432676422122473e+00 -1.473413548818063301e-01 0.000000000000000000e+00
1.067433230378904696e+00 -1.473406465134290411e-01 0.000000000000000000e+00
1.067433784335686919e+00 -1.473399381450517520e-01 0.000000000000000000e+00
1.067434338292469143e+00 -1.473392297766744630e-01 0.000000000000000000e+00
1.067434892249251366e+00 -1.473385214082971462e-01 0.000000000000000000e+00
1.067435446206033589e+00 -1.473378130399198849e-01 0.000000000000000000e+00
1.067436000162815812e+00 -1.473371046715425958e-01 0.000000000000000000e+00
1.067436554119598036e+00 -1.473363963031653068e-01 0.000000000000000000e+00
1.067437108076380481e+00 -1.473356879347880177e-01 0.000000000000000000e+00
1.067437662033162482e+00 -1.473349795664107287e-01 0.000000000000000000e+00
1.067438215989944705e+00 -1.473342711980334396e-01 0.000000000000000000e+00
1.067438769946727151e+00 -1.473335628296561506e-01 0.000000000000000000e+00
1.067439323903509374e+00 -1.473328544612788615e-01 0.000000000000000000e+00
1.067439877860291597e+00 -1.473321460929015725e-01 0.000000000000000000e+00
1.067440431817073820e+00 -1.473314377245242834e-01 0.000000000000000000e+00
1.067440985773856044e+00 -1.473307293561469944e-01 0.000000000000000000e+00
1.067441539730638267e+00 -1.473300209877697053e-01 0.000000000000000000e+00
1.067442093687420490e+00 -1.473293126193924163e-01 0.000000000000000000e+00
1.067442647644202935e+00 -1.473286042510151272e-01 0.000000000000000000e+00
1.067443201600984937e+00 -1.473278958826378382e-01 0.000000000000000000e+00
1.067443755557767160e+00 -1.473271875142605492e-01 0.000000000000000000e+00
1.067444309514549605e+00 -1.473264791458832601e-01 0.000000000000000000e+00
1.067444863471331828e+00 -1.473257707775059711e-01 0.000000000000000000e+00
1.067445417428114052e+00 -1.473250624091286820e-01 0.000000000000000000e+00
1.067445971384896275e+00 -1.473243540407513930e-01 0.000000000000000000e+00
1.067446525341678498e+00 -1.473236456723741039e-01 0.000000000000000000e+00
1.067447079298460721e+00 -1.473229373039968149e-01 0.000000000000000000e+00
1.067447633255242945e+00 -1.473222289356195258e-01 0.000000000000000000e+00
1.067448187212025168e+00 -1.473215205672422645e-01 0.000000000000000000e+00
1.067448741168807391e+00 -1.473208121988649477e-01 0.000000000000000000e+00
1.067449295125589614e+00 -1.473201038304876587e-01 0.000000000000000000e+00
1.067449849082371838e+00 -1.473193954621103696e-01 0.000000000000000000e+00
1.067450403039154061e+00 -1.473186870937330806e-01 0.000000000000000000e+00
1.067450956995936506e+00 -1.473179787253557915e-01 0.000000000000000000e+00
1.067451510952718730e+00 -1.473172703569785025e-01 0.000000000000000000e+00
1.067452064909500953e+00 -1.473165619886012134e-01 0.000000000000000000e+00
1.067452618866283176e+00 -1.473158536202239244e-01 0.000000000000000000e+00
1.067453172823065399e+00 -1.473151452518466353e-01 0.000000000000000000e+00
1.067453726779847845e+00 -1.473144368834693740e-01 0.000000000000000000e+00
1.067454280736629846e+00 -1.473137285150920572e-01 0.000000000000000000e+00
1.067454834693412069e+00 -1.473130201467147682e-01 0.000000000000000000e+00
1.067455388650194514e+00 -1.473123117783374791e-01 0.000000000000000000e+00
1.067455942606976516e+00 -1.473116034099601901e-01 0.000000000000000000e+00
1.067456496563758961e+00 -1.473108950415829288e-01 0.000000000000000000e+00
1.067457050520541184e+00 -1.473101866732056120e-01 0.000000000000000000e+00
1.067457604477323407e+00 -1.473094783048283507e-01 0.000000000000000000e+00
1.067458158434105631e+00 -1.473087699364510617e-01 0.000000000000000000e+00
1.067458712390887854e+00 -1.473080615680737449e-01 0.000000000000000000e+00
1.067459266347670077e+00 -1.473073531996965113e-01 0.000000000000000000e+00
1.067459820304452300e+00 -1.473066448313191945e-01 0.000000000000000000e+00
1.067460374261234524e+00 -1.473059364629419055e-01 0.000000000000000000e+00
1.067460928218016747e+00 -1.473052280945646164e-01 0.000000000000000000e+00
1.067461482174798970e+00 -1.473045197261873274e-01 0.000000000000000000e+00
1.067462036131581193e+00 -1.473038113578100383e-01 0.000000000000000000e+00
1.067462590088363417e+00 -1.473031029894327493e-01 0.000000000000000000e+00
1.067463144045145862e+00 -1.473023946210554602e-01 0.000000000000000000e+00
1.067463698001928085e+00 -1.473016862526781712e-01 0.000000000000000000e+00
1.067464251958710086e+00 -1.473009778843008821e-01 0.000000000000000000e+00
1.067464805915492532e+00 -1.473002695159235931e-01 0.000000000000000000e+00
1.067465359872274755e+00 -1.472995611475463040e-01 0.000000000000000000e+00
1.067465913829056978e+00 -1.472988527791690150e-01 0.000000000000000000e+00
1.067466467785839201e+00 -1.472981444107917259e-01 0.000000000000000000e+00
1.067467021742621425e+00 -1.472974360424144369e-01 0.000000000000000000e+00
1.067467575699403870e+00 -1.472967276740371756e-01 0.000000000000000000e+00
1.067468129656185871e+00 -1.472960193056598588e-01 0.000000000000000000e+00
1.067468683612968317e+00 -1.472953109372825697e-01 0.000000000000000000e+00
1.067469237569750540e+00 -1.472946025689053084e-01 0.000000000000000000e+00
1.067469791526532541e+00 -1.472938942005279916e-01 0.000000000000000000e+00
1.067470345483314986e+00 -1.472931858321507304e-01 0.000000000000000000e+00
1.067470899440097210e+00 -1.472924774637734413e-01 0.000000000000000000e+00
1.067471453396879433e+00 -1.472917690953961523e-01 0.000000000000000000e+00
1.067472007353661656e+00 -1.472910607270188632e-01 0.000000000000000000e+00
1.067472561310443879e+00 -1.472903523586415464e-01 0.000000000000000000e+00
1.067473115267226103e+00 -1.472896439902642851e-01 0.000000000000000000e+00
1.067473669224008326e+00 -1.472889356218869961e-01 0.000000000000000000e+00
1.067474223180790549e+00 -1.472882272535097070e-01 0.000000000000000000e+00
1.067474777137572772e+00 -1.472875188851324180e-01 0.000000000000000000e+00
1.067475331094354996e+00 -1.472868105167551289e-01 0.000000000000000000e+00
1.067475885051137441e+00 -1.472861021483778399e-01 0.000000000000000000e+00
1.067476439007919664e+00 -1.472853937800005508e-01 0.000000000000000000e+00
1.067476992964701887e+00 -1.472846854116232618e-01 0.000000000000000000e+00
1.067477546921484111e+00 -1.472839770432459727e-01 0.000000000000000000e+00
1.067478100878266112e+00 -1.472832686748686559e-01 0.000000000000000000e+00
1.067478654835048557e+00 -1.472825603064913946e-01 0.000000000000000000e+00
1.067479208791830780e+00 -1.472818519381141056e-01 0.000000000000000000e+00
1.067479762748613226e+00 -1.472811435697368165e-01 0.000000000000000000e+00
1.067480316705395227e+00 -1.472804352013595275e-01 0.000000000000000000e+00
1.067480870662177450e+00 -1.472797268329822384e-01 0.000000000000000000e+00
1.067481424618959895e+00 -1.472790184646049494e-01 0.000000000000000000e+00
1.067481978575742119e+00 -1.472783100962276603e-01 0.000000000000000000e+00
1.067482532532524342e+00 -1.472776017278503713e-01 0.000000000000000000e+00
1.067483086489306565e+00 -1.472768933594730822e-01 0.000000000000000000e+00
1.067483640446088788e+00 -1.472761849910957932e-01 0.000000000000000000e+00
1.067484194402871012e+00 -1.472754766227185041e-01 0.000000000000000000e+00
1.067484748359653235e+00 -1.472747682543412151e-01 0.000000000000000000e+00
1.067485302316435458e+00 -1.472740598859639261e-01 0.000000000000000000e+00
1.067485856273217681e+00 -1.472733515175866370e-01 0.000000000000000000e+00
1.067486410229999905e+00 -1.472726431492093480e-01 0.000000000000000000e+00
1.067486964186782350e+00 -1.472719347808320589e-01 0.000000000000000000e+00
1.067487518143564573e+00 -1.472712264124547699e-01 0.000000000000000000e+00
1.067488072100346574e+00 -1.472705180440774808e-01 0.000000000000000000e+00
1.067488626057129020e+00 -1.472698096757001918e-01 0.000000000000000000e+00
1.067489180013911243e+00 -1.472691013073229027e-01 0.000000000000000000e+00
1.067489733970693466e+00 -1.472683929389456414e-01 0.000000000000000000e+00
1.067490287927475690e+00 -1.472676845705683246e-01 0.000000000000000000e+00
1.067490841884257913e+00 -1.472669762021910356e-01 0.000000000000000000e+00
1.067491395841040358e+00 -1.472662678338137743e-01 0.000000000000000000e+00
1.067491949797822359e+00 -1.472655594654364575e-01 0.000000000000000000e+00
1.067492503754604805e+00 -1.472648510970591962e-01 0.000000000000000000e+00
1.067493057711387028e+00 -1.472641427286818794e-01 0.000000000000000000e+00
1.067493611668169251e+00 -1.472634343603046181e-01 0.000000000000000000e+00
1.067494165624951474e+00 -1.472627259919273290e-01 0.000000000000000000e+00
1.067494719581733698e+00 -1.472620176235500122e-01 0.000000000000000000e+00
1.067495273538515921e+00 -1.472613092551727509e-01 0.000000000000000000e+00
1.067495827495298144e+00 -1.472606008867954619e-01 0.000000000000000000e+00
1.067496381452080367e+00 -1.472598925184181728e-01 0.000000000000000000e+00
1.067496935408862591e+00 -1.472591841500408838e-01 0.000000000000000000e+00
1.067497489365644814e+00 -1.472584757816635948e-01 0.000000000000000000e+00
1.067498043322427259e+00 -1.472577674132863057e-01 0.000000000000000000e+00
1.067498597279209260e+00 -1.472570590449090167e-01 0.000000000000000000e+00
1.067499151235991484e+00 -1.472563506765317276e-01 0.000000000000000000e+00
1.067499705192773929e+00 -1.472556423081544386e-01 0.000000000000000000e+00
1.067500259149555930e+00 -1.472549339397771218e-01 0.000000000000000000e+00
1.067500813106338375e+00 -1.472542255713998882e-01 0.000000000000000000e+00
1.067501367063120599e+00 -1.472535172030225714e-01 0.000000000000000000e+00
1.067501921019902822e+00 -1.472528088346452824e-01 0.000000000000000000e+00
1.067502474976685045e+00 -1.472521004662679933e-01 0.000000000000000000e+00
1.067503028933467268e+00 -1.472513920978907043e-01 0.000000000000000000e+00
1.067503582890249714e+00 -1.472506837295134152e-01 0.000000000000000000e+00
1.067504136847031937e+00 -1.472499753611361262e-01 0.000000000000000000e+00
1.067504690803813938e+00 -1.472492669927588371e-01 0.000000000000000000e+00
1.067505244760596383e+00 -1.472485586243815758e-01 0.000000000000000000e+00
1.067505798717378607e+00 -1.472478502560042590e-01 0.000000000000000000e+00
1.067506352674160830e+00 -1.472471418876269700e-01 0.000000000000000000e+00
1.067506906630943053e+00 -1.472464335192496809e-01 0.000000000000000000e+00
1.067507460587725276e+00 -1.472457251508723919e-01 0.000000000000000000e+00
1.067508014544507500e+00 -1.472450167824951028e-01 0.000000000000000000e+00
1.067508568501289723e+00 -1.472443084141178138e-01 0.000000000000000000e+00
1.067509122458071946e+00 -1.472436000457405525e-01 0.000000000000000000e+00
1.067509676414854169e+00 -1.472428916773632357e-01 0.000000000000000000e+00
1.067510230371636393e+00 -1.472421833089859466e-01 0.000000000000000000e+00
1.067510784328418616e+00 -1.472414749406086854e-01 0.000000000000000000e+00
1.067511338285200839e+00 -1.472407665722313685e-01 0.000000000000000000e+00
1.067511892241983285e+00 -1.472400582038540795e-01 0.000000000000000000e+00
1.067512446198765286e+00 -1.472393498354768182e-01 0.000000000000000000e+00
1.067513000155547731e+00 -1.472386414670995292e-01 0.000000000000000000e+00
1.067513554112329954e+00 -1.472379330987222401e-01 0.000000000000000000e+00
1.067514108069112178e+00 -1.472372247303449233e-01 0.000000000000000000e+00
1.067514662025894401e+00 -1.472365163619676620e-01 0.000000000000000000e+00
1.067515215982676624e+00 -1.472358079935903730e-01 0.000000000000000000e+00
1.067515769939458847e+00 -1.472350996252130839e-01 0.000000000000000000e+00
1.067516323896241293e+00 -1.472343912568357949e-01 0.000000000000000000e+00
1.067516877853023294e+00 -1.472336828884585058e-01 0.000000000000000000e+00
1.067517431809805739e+00 -1.472329745200812168e-01 0.000000000000000000e+00
1.067517985766587962e+00 -1.472322661517039277e-01 0.000000000000000000e+00
1.067518539723370186e+00 -1.472315577833266387e-01 0.000000000000000000e+00
1.067519093680152409e+00 -1.472308494149493496e-01 0.000000000000000000e+00
1.067519647636934632e+00 -1.472301410465720606e-01 0.000000000000000000e+00
1.067520201593716855e+00 -1.472294326781947715e-01 0.000000000000000000e+00
1.067520755550499079e+00 -1.472287243098174825e-01 0.000000000000000000e+00
1.067521309507281302e+00 -1.472280159414401934e-01 0.000000000000000000e+00
1.067521863464063525e+00 -1.472273075730629044e-01 0.000000000000000000e+00
1.067522417420845748e+00 -1.472265992046856153e-01 0.000000000000000000e+00
1.067522971377627972e+00 -1.472258908363083263e-01 0.000000000000000000e+00
1.067523525334410195e+00 -1.472251824679310372e-01 0.000000000000000000e+00
1.067524079291192418e+00 -1.472244740995537482e-01 0.000000000000000000e+00
1.067524633247974863e+00 -1.472237657311764591e-01 0.000000000000000000e+00
1.067525187204756865e+00 -1.472230573627991701e-01 0.000000000000000000e+00
1.067525741161539310e+00 -1.472223489944218811e-01 0.000000000000000000e+00
1.067526295118321533e+00 -1.472216406260445920e-01 0.000000000000000000e+00
1.067526849075103534e+00 -1.472209322576673030e-01 0.000000000000000000e+00
1.067527403031885980e+00 -1.472202238892900417e-01 0.000000000000000000e+00
1.067527956988668203e+00 -1.472195155209127249e-01 0.000000000000000000e+00
1.067528510945450426e+00 -1.472188071525354358e-01 0.000000000000000000e+00
1.067529064902232649e+00 -1.472180987841581468e-01 0.000000000000000000e+00
1.067529618859014873e+00 -1.472173904157808577e-01 0.000000000000000000e+00
1.067530172815797318e+00 -1.472166820474035687e-01 0.000000000000000000e+00
1.067530726772579319e+00 -1.472159736790262796e-01 0.000000000000000000e+00
1.067531280729361765e+00 -1.472152653106489906e-01 0.000000000000000000e+00
1.067531834686143988e+00 -1.472145569422717015e-01 0.000000000000000000e+00
1.067532388642926211e+00 -1.472138485738944125e-01 0.000000000000000000e+00
1.067532942599708434e+00 -1.472131402055171512e-01 0.000000000000000000e+00
1.067533496556490658e+00 -1.472124318371398344e-01 0.000000000000000000e+00
1.067534050513272881e+00 -1.472117234687625453e-01 0.000000000000000000e+00
1.067534604470055104e+00 -1.472110151003852563e-01 0.000000000000000000e+00
1.067535158426837327e+00 -1.472103067320079672e-01 0.000000000000000000e+00
1.067535712383619773e+00 -1.472095983636307059e-01 0.000000000000000000e+00
1.067536266340401774e+00 -1.472088899952533891e-01 0.000000000000000000e+00
1.067536820297183997e+00 -1.472081816268761278e-01 0.000000000000000000e+00
1.067537374253966442e+00 -1.472074732584988388e-01 0.000000000000000000e+00
1.067537928210748444e+00 -1.472067648901215220e-01 0.000000000000000000e+00
1.067538482167530889e+00 -1.472060565217442607e-01 0.000000000000000000e+00
1.067539036124312890e+00 -1.472053481533669717e-01 0.000000000000000000e+00
1.067539590081095335e+00 -1.472046397849896826e-01 0.000000000000000000e+00
1.067540144037877559e+00 -1.472039314166123936e-01 0.000000000000000000e+00
1.067540697994659782e+00 -1.472032230482351045e-01 0.000000000000000000e+00
1.067541251951442227e+00 -1.472025146798578155e-01 0.000000000000000000e+00
1.067541805908224450e+00 -1.472018063114805264e-01 0.000000000000000000e+00
1.067542359865006674e+00 -1.472010979431032374e-01 0.000000000000000000e+00
1.067542913821788897e+00 -1.472003895747259483e-01 0.000000000000000000e+00
1.067543467778571120e+00 -1.471996812063486593e-01 0.000000000000000000e+00
1.067544021735353343e+00 -1.471989728379713702e-01 0.000000000000000000e+00
1.067544575692135567e+00 -1.471982644695940812e-01 0.000000000000000000e+00
1.067545129648917790e+00 -1.471975561012167921e-01 0.000000000000000000e+00
1.067545683605700013e+00 -1.471968477328395031e-01 0.000000000000000000e+00
1.067546237562482236e+00 -1.471961393644621863e-01 0.000000000000000000e+00
1.067546791519264460e+00 -1.471954309960849527e-01 0.000000000000000000e+00
1.067547345476046683e+00 -1.471947226277076359e-01 0.000000000000000000e+00
1.067547899432828906e+00 -1.471940142593303469e-01 0.000000000000000000e+00
1.067548453389611351e+00 -1.471933058909530856e-01 0.000000000000000000e+00
1.067549007346393353e+00 -1.471925975225757688e-01 0.000000000000000000e+00
1.067549561303175798e+00 -1.471918891541985075e-01 0.000000000000000000e+00
1.067550115259958021e+00 -1.471911807858212184e-01 0.000000000000000000e+00
1.067550669216740022e+00 -1.471904724174439294e-01 0.000000000000000000e+00
1.067551223173522468e+00 -1.471897640490666126e-01 0.000000000000000000e+00
1.067551777130304691e+00 -1.471890556806893235e-01 0.000000000000000000e+00
1.067552331087087136e+00 -1.471883473123120623e-01 0.000000000000000000e+00
1.067552885043869138e+00 -1.471876389439347732e-01 0.000000000000000000e+00
1.067553439000651361e+00 -1.471869305755574564e-01 0.000000000000000000e+00
1.067553992957433584e+00 -1.471862222071801951e-01 0.000000000000000000e+00
1.067554546914216029e+00 -1.471855138388028783e-01 0.000000000000000000e+00
1.067555100870998253e+00 -1.471848054704256170e-01 0.000000000000000000e+00
1.067555654827780476e+00 -1.471840971020483280e-01 0.000000000000000000e+00
1.067556208784562699e+00 -1.471833887336710389e-01 0.000000000000000000e+00
1.067556762741344922e+00 -1.471826803652937499e-01 0.000000000000000000e+00
1.067557316698127146e+00 -1.471819719969164331e-01 0.000000000000000000e+00
1.067557870654909369e+00 -1.471812636285391718e-01 0.000000000000000000e+00
1.067558424611691592e+00 -1.471805552601618827e-01 0.000000000000000000e+00
1.067558978568473815e+00 -1.471798468917845937e-01 0.000000000000000000e+00
1.067559532525256039e+00 -1.471791385234073046e-01 0.000000000000000000e+00
1.067560086482038262e+00 -1.471784301550300156e-01 0.000000000000000000e+00
1.067560640438820707e+00 -1.471777217866527265e-01 0.000000000000000000e+00
1.067561194395602708e+00 -1.471770134182754375e-01 0.000000000000000000e+00
1.067561748352385154e+00 -1.471763050498981484e-01 0.000000000000000000e+00
1.067562302309167377e+00 -1.471755966815208594e-01 0.000000000000000000e+00
1.067562856265949378e+00 -1.471748883131435703e-01 0.000000000000000000e+00
1.067563410222731823e+00 -1.471741799447662813e-01 0.000000000000000000e+00
1.067563964179514047e+00 -1.471734715763889922e-01 0.000000000000000000e+00
1.067564518136296270e+00 -1.471727632080117032e-01 0.000000000000000000e+00
1.067565072093078493e+00 -1.471720548396344141e-01 0.000000000000000000e+00
1.067565626049860716e+00 -1.471713464712571251e-01 0.000000000000000000e+00
1.067566180006643162e+00 -1.471706381028798361e-01 0.000000000000000000e+00
1.067566733963425385e+00 -1.471699297345025470e-01 0.000000000000000000e+00
1.067567287920207386e+00 -1.471692213661252580e-01 0.000000000000000000e+00
1.067567841876989831e+00 -1.471685129977479689e-01 0.000000000000000000e+00
1.067568395833772055e+00 -1.471678046293706799e-01 0.000000000000000000e+00
1.067568949790554278e+00 -1.471670962609933908e-01 0.000000000000000000e+00
1.067569503747336501e+00 -1.471663878926161018e-01 0.000000000000000000e+00
1.067570057704118724e+00 -1.471656795242388127e-01 0.000000000000000000e+00
1.067570611660900948e+00 -1.471649711558615237e-01 0.000000000000000000e+00
1.067571165617683171e+00 -1.471642627874842346e-01 0.000000000000000000e+00
1.067571719574465394e+00 -1.471635544191069456e-01 0.000000000000000000e+00
1.067572273531247617e+00 -1.471628460507296565e-01 0.000000000000000000e+00
1.067572827488029841e+00 -1.471621376823523675e-01 0.000000000000000000e+00
1.067573381444812064e+00 -1.471614293139750784e-01 0.000000000000000000e+00
1.067573935401594287e+00 -1.471607209455977894e-01 0.000000000000000000e+00
1.067574489358376733e+00 -1.471600125772205281e-01 0.000000000000000000e+00
1.067575043315158956e+00 -1.471593042088432390e-01 0.000000000000000000e+00
1.067575597271941179e+00 -1.471585958404659222e-01 0.000000000000000000e+00
1.067576151228723402e+00 -1.471578874720886332e-01 0.000000000000000000e+00
1.067576705185505626e+00 -1.471571791037113441e-01 0.000000000000000000e+00
1.067577259142287849e+00 -1.471564707353340828e-01 0.000000000000000000e+00
1.067577813099070072e+00 -1.471557623669567660e-01 0.000000000000000000e+00
1.067578367055852295e+00 -1.471550539985794770e-01 0.000000000000000000e+00
1.067578921012634741e+00 -1.471543456302022157e-01 0.000000000000000000e+00
1.067579474969416742e+00 -1.471536372618248989e-01 0.000000000000000000e+00
1.067580028926199187e+00 -1.471529288934476376e-01 0.000000000000000000e+00
1.067580582882981410e+00 -1.471522205250703486e-01 0.000000000000000000e+00
1.067581136839763634e+00 -1.471515121566930595e-01 0.000000000000000000e+00
1.067581690796545857e+00 -1.471508037883157705e-01 0.000000000000000000e+00
1.067582244753328080e+00 -1.471500954199384537e-01 0.000000000000000000e+00
1.067582798710110303e+00 -1.471493870515611924e-01 0.000000000000000000e+00
1.067583352666892527e+00 -1.471486786831839033e-01 0.000000000000000000e+00
1.067583906623674750e+00 -1.471479703148066143e-01 0.000000000000000000e+00
1.067584460580457195e+00 -1.471472619464293252e-01 0.000000000000000000e+00
1.067585014537239196e+00 -1.471465535780520362e-01 0.000000000000000000e+00
1.067585568494021420e+00 -1.471458452096747471e-01 0.000000000000000000e+00
1.067586122450803865e+00 -1.471451368412974581e-01 0.000000000000000000e+00
1.067586676407586088e+00 -1.471444284729201690e-01 0.000000000000000000e+00
1.067587230364368311e+00 -1.471437201045428800e-01 0.000000000000000000e+00
1.067587784321150535e+00 -1.471430117361656187e-01 0.000000000000000000e+00
1.067588338277932758e+00 -1.471423033677883019e-01 0.000000000000000000e+00
1.067588892234714981e+00 -1.471415949994110128e-01 0.000000000000000000e+00
1.067589446191497204e+00 -1.471408866310337238e-01 0.000000000000000000e+00
1.067590000148279650e+00 -1.471401782626564625e-01 0.000000000000000000e+00
1.067590554105061873e+00 -1.471394698942791457e-01 0.000000000000000000e+00
1.067591108061843874e+00 -1.471387615259018566e-01 0.000000000000000000e+00
1.067591662018626097e+00 -1.471380531575245953e-01 0.000000000000000000e+00
1.067592215975408543e+00 -1.471373447891472785e-01 0.000000000000000000e+00
1.067592769932190766e+00 -1.471366364207700173e-01 0.000000000000000000e+00
1.067593323888972989e+00 -1.471359280523927004e-01 0.000000000000000000e+00
1.067593877845755213e+00 -1.471352196840154392e-01 0.000000000000000000e+00
1.067594431802537436e+00 -1.471345113156381501e-01 0.000000000000000000e+00
1.067594985759319659e+00 -1.471338029472608333e-01 0.000000000000000000e+00
1.067595539716101882e+00 -1.471330945788835720e-01 0.000000000000000000e+00
1.067596093672884106e+00 -1.471323862105062830e-01 0.000000000000000000e+00
1.067596647629666329e+00 -1.471316778421289939e-01 0.000000000000000000e+00
1.067597201586448552e+00 -1.471309694737516771e-01 0.000000000000000000e+00
1.067597755543230775e+00 -1.471302611053744158e-01 0.000000000000000000e+00
1.067598309500013221e+00 -1.471295527369971268e-01 0.000000000000000000e+00
1.067598863456795444e+00 -1.471288443686198377e-01 0.000000000000000000e+00
1.067599417413577667e+00 -1.471281360002425487e-01 0.000000000000000000e+00
1.067599971370359890e+00 -1.471274276318652596e-01 0.000000000000000000e+00
1.067600525327142114e+00 -1.471267192634879706e-01 0.000000000000000000e+00
1.067601079283924559e+00 -1.471260108951106815e-01 0.000000000000000000e+00
1.067601633240706560e+00 -1.471253025267333925e-01 0.000000000000000000e+00
1.067602187197488783e+00 -1.471245941583561034e-01 0.000000000000000000e+00
1.067602741154271229e+00 -1.471238857899788144e-01 0.000000000000000000e+00
1.067603295111053230e+00 -1.471231774216015253e-01 0.000000000000000000e+00
1.067603849067835675e+00 -1.471224690532242363e-01 0.000000000000000000e+00
1.067604403024617898e+00 -1.471217606848469472e-01 0.000000000000000000e+00
1.067604956981400122e+00 -1.471210523164696582e-01 0.000000000000000000e+00
1.067605510938182345e+00 -1.471203439480923691e-01 0.000000000000000000e+00
1.067606064894964568e+00 -1.471196355797150801e-01 0.000000000000000000e+00
1.067606618851746791e+00 -1.471189272113377911e-01 0.000000000000000000e+00
1.067607172808529015e+00 -1.471182188429605020e-01 0.000000000000000000e+00
1.067607726765311238e+00 -1.471175104745832407e-01 0.000000000000000000e+00
1.067608280722093461e+00 -1.471168021062059239e-01 0.000000000000000000e+00
1.067608834678875684e+00 -1.471160937378286349e-01 0.000000000000000000e+00
1.067609388635657908e+00 -1.471153853694513736e-01 0.000000000000000000e+00
1.067609942592440131e+00 -1.471146770010740845e-01 0.000000000000000000e+00
1.067610496549222576e+00 -1.471139686326967677e-01 0.000000000000000000e+00
1.067611050506004799e+00 -1.471132602643194787e-01 0.000000000000000000e+00
1.067611604462786801e+00 -1.471125518959421896e-01 0.000000000000000000e+00
1.067612158419569246e+00 -1.471118435275649283e-01 0.000000000000000000e+00
1.067612712376351469e+00 -1.471111351591876393e-01 0.000000000000000000e+00
1.067613266333133692e+00 -1.471104267908103225e-01 0.000000000000000000e+00
1.067613820289915916e+00 -1.471097184224330334e-01 0.000000000000000000e+00
1.067614374246698139e+00 -1.471090100540557444e-01 0.000000000000000000e+00
1.067614928203480584e+00 -1.471083016856784831e-01 0.000000000000000000e+00
1.067615482160262586e+00 -1.471075933173011663e-01 0.000000000000000000e+00
1.067616036117044809e+00 -1.471068849489238772e-01 0.000000000000000000e+00
1.067616590073827254e+00 -1.471061765805465882e-01 0.000000000000000000e+00
1.067617144030609477e+00 -1.471054682121692991e-01 0.000000000000000000e+00
1.067617697987391701e+00 -1.471047598437920378e-01 0.000000000000000000e+00
1.067618251944173924e+00 -1.471040514754147210e-01 0.000000000000000000e+00
1.067618805900956147e+00 -1.471033431070374320e-01 0.000000000000000000e+00
1.067619359857738370e+00 -1.471026347386601707e-01 0.000000000000000000e+00
1.067619913814520594e+00 -1.471019263702828817e-01 0.000000000000000000e+00
1.067620467771302817e+00 -1.471012180019055648e-01 0.000000000000000000e+00
1.067621021728085040e+00 -1.471005096335283036e-01 0.000000000000000000e+00
1.067621575684867263e+00 -1.470998012651510145e-01 0.000000000000000000e+00
1.067622129641649487e+00 -1.470990928967737255e-01 0.000000000000000000e+00
1.067622683598431710e+00 -1.470983845283964364e-01 0.000000000000000000e+00
1.067623237555214155e+00 -1.470976761600191751e-01 0.000000000000000000e+00
1.067623791511996378e+00 -1.470969677916418583e-01 0.000000000000000000e+00
1.067624345468778602e+00 -1.470962594232645693e-01 0.000000000000000000e+00
1.067624899425560825e+00 -1.470955510548872802e-01 0.000000000000000000e+00
1.067625453382342826e+00 -1.470948426865099634e-01 0.000000000000000000e+00
1.067626007339125271e+00 -1.470941343181327021e-01 0.000000000000000000e+00
1.067626561295907495e+00 -1.470934259497554131e-01 0.000000000000000000e+00
1.067627115252689718e+00 -1.470927175813781240e-01 0.000000000000000000e+00
1.067627669209471941e+00 -1.470920092130008350e-01 0.000000000000000000e+00
1.067628223166254164e+00 -1.470913008446235182e-01 0.000000000000000000e+00
1.067628777123036610e+00 -1.470905924762462569e-01 0.000000000000000000e+00
1.067629331079818833e+00 -1.470898841078689678e-01 0.000000000000000000e+00
1.067629885036601056e+00 -1.470891757394916788e-01 0.000000000000000000e+00
1.067630438993383279e+00 -1.470884673711144175e-01 0.000000000000000000e+00
1.067630992950165503e+00 -1.470877590027371007e-01 0.000000000000000000e+00
1.067631546906947726e+00 -1.470870506343598116e-01 0.000000000000000000e+00
1.067632100863729949e+00 -1.470863422659825226e-01 0.000000000000000000e+00
1.067632654820512172e+00 -1.470856338976052613e-01 0.000000000000000000e+00
1.067633208777294396e+00 -1.470849255292279723e-01 0.000000000000000000e+00
1.067633762734076619e+00 -1.470842171608506554e-01 0.000000000000000000e+00
1.067634316690859064e+00 -1.470835087924733942e-01 0.000000000000000000e+00
1.067634870647641288e+00 -1.470828004240961051e-01 0.000000000000000000e+00
1.067635424604423511e+00 -1.470820920557188161e-01 0.000000000000000000e+00
1.067635978561205512e+00 -1.470813836873414993e-01 0.000000000000000000e+00
1.067636532517987957e+00 -1.470806753189642102e-01 0.000000000000000000e+00
1.067637086474770181e+00 -1.470799669505869489e-01 0.000000000000000000e+00
1.067637640431552404e+00 -1.470792585822096599e-01 0.000000000000000000e+00
1.067638194388334627e+00 -1.470785502138323431e-01 0.000000000000000000e+00
1.067638748345116850e+00 -1.470778418454550540e-01 0.000000000000000000e+00
1.067639302301899074e+00 -1.470771334770777650e-01 0.000000000000000000e+00
1.067639856258681297e+00 -1.470764251087005037e-01 0.000000000000000000e+00
1.067640410215463742e+00 -1.470757167403232146e-01 0.000000000000000000e+00
1.067640964172245965e+00 -1.470750083719458978e-01 0.000000000000000000e+00
1.067641518129027967e+00 -1.470743000035686088e-01 0.000000000000000000e+00
1.067642072085810190e+00 -1.470735916351913475e-01 0.000000000000000000e+00
1.067642626042592635e+00 -1.470728832668140584e-01 0.000000000000000000e+00
1.067643179999374858e+00 -1.470721748984367416e-01 0.000000000000000000e+00
1.067643733956157082e+00 -1.470714665300594803e-01 0.000000000000000000e+00
1.067644287912939305e+00 -1.470707581616821913e-01 0.000000000000000000e+00
1.067644841869721528e+00 -1.470700497933049022e-01 0.000000000000000000e+00
1.067645395826503973e+00 -1.470693414249276409e-01 0.000000000000000000e+00
1.067645949783285975e+00 -1.470686330565503241e-01 0.000000000000000000e+00
1.067646503740068198e+00 -1.470679246881730351e-01 0.000000000000000000e+00
1.067647057696850421e+00 -1.470672163197957460e-01 0.000000000000000000e+00
1.067647611653632866e+00 -1.470665079514184848e-01 0.000000000000000000e+00
1.067648165610415090e+00 -1.470657995830411680e-01 0.000000000000000000e+00
1.067648719567197313e+00 -1.470650912146638789e-01 0.000000000000000000e+00
1.067649273523979536e+00 -1.470643828462865899e-01 0.000000000000000000e+00
1.067649827480761759e+00 -1.470636744779093008e-01 0.000000000000000000e+00
1.067650381437543983e+00 -1.470629661095320395e-01 0.000000000000000000e+00
1.067650935394326206e+00 -1.470622577411547227e-01 0.000000000000000000e+00
1.067651489351108429e+00 -1.470615493727774337e-01 0.000000000000000000e+00
1.067652043307890875e+00 -1.470608410044001446e-01 0.000000000000000000e+00
1.067652597264672876e+00 -1.470601326360228556e-01 0.000000000000000000e+00
1.067653151221455321e+00 -1.470594242676455665e-01 0.000000000000000000e+00
1.067653705178237322e+00 -1.470587158992682775e-01 0.000000000000000000e+00
1.067654259135019768e+00 -1.470580075308909884e-01 0.000000000000000000e+00
1.067654813091801991e+00 -1.470572991625136994e-01 0.000000000000000000e+00
1.067655367048583992e+00 -1.470565907941364381e-01 0.000000000000000000e+00
1.067655921005366437e+00 -1.470558824257591213e-01 0.000000000000000000e+00
1.067656474962148883e+00 -1.470551740573818322e-01 0.000000000000000000e+00
1.067657028918930884e+00 -1.470544656890045709e-01 0.000000000000000000e+00
1.067657582875713107e+00 -1.470537573206272819e-01 0.000000000000000000e+00
1.067658136832495330e+00 -1.470530489522499651e-01 0.000000000000000000e+00
1.067658690789277776e+00 -1.470523405838727038e-01 0.000000000000000000e+00
1.067659244746059999e+00 -1.470516322154954147e-01 0.000000000000000000e+00
1.067659798702842000e+00 -1.470509238471181257e-01 0.000000000000000000e+00
1.067660352659624445e+00 -1.470502154787408366e-01 0.000000000000000000e+00
1.067660906616406669e+00 -1.470495071103635198e-01 0.000000000000000000e+00
1.067661460573188892e+00 -1.470487987419862586e-01 0.000000000000000000e+00
1.067662014529971115e+00 -1.470480903736089695e-01 0.000000000000000000e+00
1.067662568486753338e+00 -1.470473820052316805e-01 0.000000000000000000e+00
1.067663122443535562e+00 -1.470466736368543914e-01 0.000000000000000000e+00
1.067663676400317785e+00 -1.470459652684770746e-01 0.000000000000000000e+00
1.067664230357100008e+00 -1.470452569000998133e-01 0.000000000000000000e+00
1.067664784313882231e+00 -1.470445485317225243e-01 0.000000000000000000e+00
1.067665338270664677e+00 -1.470438401633452352e-01 0.000000000000000000e+00
1.067665892227446678e+00 -1.470431317949679184e-01 0.000000000000000000e+00
1.067666446184229123e+00 -1.470424234265906571e-01 0.000000000000000000e+00
1.067667000141011124e+00 -1.470417150582133681e-01 0.000000000000000000e+00
1.067667554097793570e+00 -1.470410066898360790e-01 0.000000000000000000e+00
1.067668108054575793e+00 -1.470402983214588177e-01 0.000000000000000000e+00
1.067668662011358016e+00 -1.470395899530815009e-01 0.000000000000000000e+00
1.067669215968140239e+00 -1.470388815847042119e-01 0.000000000000000000e+00
1.067669769924922685e+00 -1.470381732163269228e-01 0.000000000000000000e+00
1.067670323881704686e+00 -1.470374648479496615e-01 0.000000000000000000e+00
1.067670877838486909e+00 -1.470367564795723447e-01 0.000000000000000000e+00
1.067671431795269132e+00 -1.470360481111950557e-01 0.000000000000000000e+00
1.067671985752051578e+00 -1.470353397428177944e-01 0.000000000000000000e+00
1.067672539708833801e+00 -1.470346313744405053e-01 0.000000000000000000e+00
1.067673093665615802e+00 -1.470339230060632163e-01 0.000000000000000000e+00
1.067673647622398247e+00 -1.470332146376858995e-01 0.000000000000000000e+00
1.067674201579180471e+00 -1.470325062693086104e-01 0.000000000000000000e+00
1.067674755535962694e+00 -1.470317979009313492e-01 0.000000000000000000e+00
1.067675309492744917e+00 -1.470310895325540601e-01 0.000000000000000000e+00
1.067675863449527141e+00 -1.470303811641767433e-01 0.000000000000000000e+00
1.067676417406309364e+00 -1.470296727957994543e-01 0.000000000000000000e+00
1.067676971363091587e+00 -1.470289644274221652e-01 0.000000000000000000e+00
1.067677525319873810e+00 -1.470282560590449039e-01 0.000000000000000000e+00
1.067678079276656256e+00 -1.470275476906676149e-01 0.000000000000000000e+00
1.067678633233438479e+00 -1.470268393222902981e-01 0.000000000000000000e+00
1.067679187190220480e+00 -1.470261309539130090e-01 0.000000000000000000e+00
1.067679741147002925e+00 -1.470254225855357477e-01 0.000000000000000000e+00
1.067680295103785149e+00 -1.470247142171584587e-01 0.000000000000000000e+00
1.067680849060567372e+00 -1.470240058487811419e-01 0.000000000000000000e+00
1.067681403017349595e+00 -1.470232974804038806e-01 0.000000000000000000e+00
1.067681956974131818e+00 -1.470225891120265915e-01 0.000000000000000000e+00
1.067682510930914042e+00 -1.470218807436493025e-01 0.000000000000000000e+00
1.067683064887696487e+00 -1.470211723752720412e-01 0.000000000000000000e+00
1.067683618844478488e+00 -1.470204640068947244e-01 0.000000000000000000e+00
1.067684172801260933e+00 -1.470197556385174353e-01 0.000000000000000000e+00
1.067684726758042935e+00 -1.470190472701401463e-01 0.000000000000000000e+00
1.067685280714825158e+00 -1.470183389017628572e-01 0.000000000000000000e+00
1.067685834671607603e+00 -1.470176305333855682e-01 0.000000000000000000e+00
1.067686388628389826e+00 -1.470169221650082791e-01 0.000000000000000000e+00
1.067686942585172050e+00 -1.470162137966309901e-01 0.000000000000000000e+00
