1.067686942585172050e+00 -1.470162137966309901e-01 0.000000000000000000e+00
1.067533160511945578e+00 -1.467682006315801646e-01 0.000000000000000000e+00
1.067379035299321544e+00 -1.465203995021175376e-01 0.000000000000000000e+00
1.067224566236029570e+00 -1.462728116609973428e-01 0.000000000000000000e+00
1.067069752610798394e+00 -1.460254383609738416e-01 0.000000000000000000e+00
1.066914593712357862e+00 -1.457782808548012121e-01 0.000000000000000000e+00
1.066759088829437152e+00 -1.455313403952337159e-01 0.000000000000000000e+00
1.066603237250765668e+00 -1.452846182350255866e-01 0.000000000000000000e+00
1.066447038265072811e+00 -1.450381156269310301e-01 0.000000000000000000e+00
1.066290491161087983e+00 -1.447918338237043079e-01 0.000000000000000000e+00
1.066133595227540587e+00 -1.445457740780995981e-01 0.000000000000000000e+00
1.065976349753159802e+00 -1.442999376428711900e-01 0.000000000000000000e+00
1.065818754026674808e+00 -1.440543257707732894e-01 0.000000000000000000e+00
1.065660807336815452e+00 -1.438089397145600468e-01 0.000000000000000000e+00
1.065502508972310913e+00 -1.435637807269857791e-01 0.000000000000000000e+00
1.065343858221890150e+00 -1.433188500608047200e-01 0.000000000000000000e+00
1.065184854374283008e+00 -1.430741489687710477e-01 0.000000000000000000e+00
1.065025496718219111e+00 -1.428296787036389681e-01 0.000000000000000000e+00
1.064865784542426752e+00 -1.425854405181627982e-01 0.000000000000000000e+00
1.064705717135636664e+00 -1.423414356650967161e-01 0.000000000000000000e+00
1.064545293786576696e+00 -1.420976653971949555e-01 0.000000000000000000e+00
1.064384513783977360e+00 -1.418541309672116946e-01 0.000000000000000000e+00
1.064223376416567834e+00 -1.416108336279012225e-01 0.000000000000000000e+00
1.064061880973076635e+00 -1.413677746320177453e-01 0.000000000000000000e+00
1.063900026742234495e+00 -1.411249552323155521e-01 0.000000000000000000e+00
1.063737813012769706e+00 -1.408823766815487377e-01 0.000000000000000000e+00
1.063575239073412115e+00 -1.406400402324716192e-01 0.000000000000000000e+00
1.063412304212890902e+00 -1.403979471378384303e-01 0.000000000000000000e+00
1.063249007719935468e+00 -1.401560986504033768e-01 0.000000000000000000e+00
1.063085348883275216e+00 -1.399144960229206924e-01 0.000000000000000000e+00
1.062921326991639548e+00 -1.396731405081445831e-01 0.000000000000000000e+00
1.062756941333757421e+00 -1.394320333588293659e-01 0.000000000000000000e+00
1.062592191198358904e+00 -1.391911758277291078e-01 0.000000000000000000e+00
1.062427075874172511e+00 -1.389505691675981536e-01 0.000000000000000000e+00
1.062261594649928531e+00 -1.387102146311907092e-01 0.000000000000000000e+00
1.062095746814355479e+00 -1.384701134712610082e-01 0.000000000000000000e+00
1.061929531656183201e+00 -1.382302669405632567e-01 0.000000000000000000e+00
1.061762948464141099e+00 -1.379906762918516883e-01 0.000000000000000000e+00
1.061595996526958352e+00 -1.377513427778805366e-01 0.000000000000000000e+00
1.061428675133363919e+00 -1.375122676514040354e-01 0.000000000000000000e+00
1.061260983572088090e+00 -1.372734521651763906e-01 0.000000000000000000e+00
1.061092921131859379e+00 -1.370348975719518636e-01 0.000000000000000000e+00
1.060924487101407854e+00 -1.367966051244846604e-01 0.000000000000000000e+00
1.060755680769462250e+00 -1.365585760755289868e-01 0.000000000000000000e+00
1.060586501424752193e+00 -1.363208116778391321e-01 0.000000000000000000e+00
1.060416948356007083e+00 -1.360833131841692745e-01 0.000000000000000000e+00
1.060247020854742983e+00 -1.358460818452405794e-01 0.000000000000000000e+00
1.060076719280727886e+00 -1.356091181324999007e-01 0.000000000000000000e+00
1.059906046670186841e+00 -1.353724205649561585e-01 0.000000000000000000e+00
1.059735006471743901e+00 -1.351359873607784479e-01 0.000000000000000000e+00
1.059563602134024451e+00 -1.348998167381361135e-01 0.000000000000000000e+00
1.059391837105652101e+00 -1.346639069151983059e-01 0.000000000000000000e+00
1.059219714835252013e+00 -1.344282561101342033e-01 0.000000000000000000e+00
1.059047238771448241e+00 -1.341928625411130949e-01 0.000000000000000000e+00
1.058874412362865725e+00 -1.339577244263041589e-01 0.000000000000000000e+00
1.058701239058128740e+00 -1.337228399838766291e-01 0.000000000000000000e+00
1.058527722305861785e+00 -1.334882074319997114e-01 0.000000000000000000e+00
1.058353865554689577e+00 -1.332538249888426118e-01 0.000000000000000000e+00
1.058179672253236614e+00 -1.330196908725745364e-01 0.000000000000000000e+00
1.058005145850127615e+00 -1.327858033013647188e-01 0.000000000000000000e+00
1.057830289793986411e+00 -1.325521604933823372e-01 0.000000000000000000e+00
1.057655107533438388e+00 -1.323187606667966532e-01 0.000000000000000000e+00
1.057479602517107597e+00 -1.320856020397768726e-01 0.000000000000000000e+00
1.057303778193618760e+00 -1.318526828304922294e-01 0.000000000000000000e+00
1.057127638011596149e+00 -1.316200012571118461e-01 0.000000000000000000e+00
1.056951185419664707e+00 -1.313875555378050675e-01 0.000000000000000000e+00
1.056774423866448487e+00 -1.311553438907409885e-01 0.000000000000000000e+00
1.056597356800572429e+00 -1.309233645340888708e-01 0.000000000000000000e+00
1.056419987670660587e+00 -1.306916156860179479e-01 0.000000000000000000e+00
1.056242319925338125e+00 -1.304600955646974259e-01 0.000000000000000000e+00
1.056064357013229094e+00 -1.302288023882964829e-01 0.000000000000000000e+00
1.055886102382958436e+00 -1.299977343749843806e-01 0.000000000000000000e+00
1.055707559483150204e+00 -1.297668897429303247e-01 0.000000000000000000e+00
1.055528731762429118e+00 -1.295362667103034937e-01 0.000000000000000000e+00
1.055349622669419674e+00 -1.293058634952731489e-01 0.000000000000000000e+00
1.055170235652746591e+00 -1.290756783160084409e-01 0.000000000000000000e+00
1.054990574161034589e+00 -1.288457093906786866e-01 0.000000000000000000e+00
1.054810641409934302e+00 -1.286159550152256581e-01 0.000000000000000000e+00
1.054630439674201670e+00 -1.283864137996881816e-01 0.000000000000000000e+00
1.054449970991093721e+00 -1.281570844333878301e-01 0.000000000000000000e+00
1.054269237397868597e+00 -1.279279656056462877e-01 0.000000000000000000e+00
1.054088240931783549e+00 -1.276990560057851554e-01 0.000000000000000000e+00
1.053906983630096938e+00 -1.274703543231261726e-01 0.000000000000000000e+00
1.053725467530066462e+00 -1.272418592469908849e-01 0.000000000000000000e+00
1.053543694668949593e+00 -1.270135694667010318e-01 0.000000000000000000e+00
1.053361667084003805e+00 -1.267854836715781863e-01 0.000000000000000000e+00
1.053179386812487461e+00 -1.265576005509440605e-01 0.000000000000000000e+00
1.052996855891657813e+00 -1.263299187941202828e-01 0.000000000000000000e+00
1.052814076358773221e+00 -1.261024370904285374e-01 0.000000000000000000e+00
1.052631050251090716e+00 -1.258751541291903975e-01 0.000000000000000000e+00
1.052447779605868883e+00 -1.256480685997276303e-01 0.000000000000000000e+00
1.052264266460364306e+00 -1.254211791913617813e-01 0.000000000000000000e+00
1.052080512851836236e+00 -1.251944845934145623e-01 0.000000000000000000e+00
1.051896520817541036e+00 -1.249679834952076019e-01 0.000000000000000000e+00
1.051712292394737291e+00 -1.247416745860625287e-01 0.000000000000000000e+00
1.051527829620682475e+00 -1.245155565553010407e-01 0.000000000000000000e+00
1.051343134532634060e+00 -1.242896280922447805e-01 0.000000000000000000e+00
1.051158209167850188e+00 -1.240638878862153766e-01 0.000000000000000000e+00
1.050973055563588776e+00 -1.238383346265345408e-01 0.000000000000000000e+00
1.050787675757107076e+00 -1.236129670025238048e-01 0.000000000000000000e+00
1.050602071785663227e+00 -1.233877837035049357e-01 0.000000000000000000e+00
1.050416245686514705e+00 -1.231627834187995207e-01 0.000000000000000000e+00
1.050230199496919647e+00 -1.229379648377292439e-01 0.000000000000000000e+00
1.050043935254135530e+00 -1.227133266496157477e-01 0.000000000000000000e+00
1.049857454995420047e+00 -1.224888675437806884e-01 0.000000000000000000e+00
1.049670760758030674e+00 -1.222645862095456948e-01 0.000000000000000000e+00
1.049483854579225994e+00 -1.220404813362324509e-01 0.000000000000000000e+00
1.049296738496263259e+00 -1.218165516131625853e-01 0.000000000000000000e+00
1.049109414546400165e+00 -1.215927957296577544e-01 0.000000000000000000e+00
1.048921884766894408e+00 -1.213692123750396284e-01 0.000000000000000000e+00
1.048734151191175856e+00 -1.211458002396043343e-01 0.000000000000000000e+00
1.048546215710781437e+00 -1.209225580497663710e-01 0.000000000000000000e+00
1.048358080036842388e+00 -1.206994845778623232e-01 0.000000000000000000e+00
1.048169745868819280e+00 -1.204765785991997185e-01 0.000000000000000000e+00
1.047981214906172243e+00 -1.202538388890859317e-01 0.000000000000000000e+00
1.047792488848360515e+00 -1.200312642228283794e-01 0.000000000000000000e+00
1.047603569394845779e+00 -1.198088533757346030e-01 0.000000000000000000e+00
1.047414458245087054e+00 -1.195866051231120192e-01 0.000000000000000000e+00
1.047225157098545134e+00 -1.193645182402679888e-01 0.000000000000000000e+00
1.047035667654679703e+00 -1.191425915025100396e-01 0.000000000000000000e+00
1.046845991612951554e+00 -1.189208236851455602e-01 0.000000000000000000e+00
1.046656130672819929e+00 -1.186992135634820367e-01 0.000000000000000000e+00
1.046466086533745843e+00 -1.184777599128268716e-01 0.000000000000000000e+00
1.046275860895189647e+00 -1.182564615084875925e-01 0.000000000000000000e+00
1.046085455456610580e+00 -1.180353171257715328e-01 0.000000000000000000e+00
1.045894871917469215e+00 -1.178143255399862199e-01 0.000000000000000000e+00
1.045704111977226125e+00 -1.175934855264390705e-01 0.000000000000000000e+00
1.045513177335340993e+00 -1.173727958604374733e-01 0.000000000000000000e+00
1.045322069691274169e+00 -1.171522553172889558e-01 0.000000000000000000e+00
1.045130790744485783e+00 -1.169318626723008792e-01 0.000000000000000000e+00
1.044939342194436183e+00 -1.167116167007807848e-01 0.000000000000000000e+00
1.044747725740585276e+00 -1.164915161780360475e-01 0.000000000000000000e+00
1.044555943082393856e+00 -1.162715598793741117e-01 0.000000000000000000e+00
1.044363995919321386e+00 -1.160517465801024495e-01 0.000000000000000000e+00
1.044171885950827994e+00 -1.158320750555284495e-01 0.000000000000000000e+00
1.043979614876374473e+00 -1.156125440809596672e-01 0.000000000000000000e+00
1.043787184395420509e+00 -1.153931524317034080e-01 0.000000000000000000e+00
1.043594596207426450e+00 -1.151738988830671856e-01 0.000000000000000000e+00
1.043401852011852426e+00 -1.149547822103584860e-01 0.000000000000000000e+00
1.043208953508158787e+00 -1.147358011888846424e-01 0.000000000000000000e+00
1.043015902395805439e+00 -1.145169545939532241e-01 0.000000000000000000e+00
1.042822700374252731e+00 -1.142982412008715920e-01 0.000000000000000000e+00
1.042629349142961015e+00 -1.140796597849471905e-01 0.000000000000000000e+00
1.042435850401389974e+00 -1.138612091214874777e-01 0.000000000000000000e+00
1.042242205848999959e+00 -1.136428879857999119e-01 0.000000000000000000e+00
1.042048417185251319e+00 -1.134246951531919095e-01 0.000000000000000000e+00
1.041854486109604183e+00 -1.132066293989709288e-01 0.000000000000000000e+00
1.041660414321518902e+00 -1.129886894984444140e-01 0.000000000000000000e+00
1.041466203520455158e+00 -1.127708742269198233e-01 0.000000000000000000e+00
1.041271855400650592e+00 -1.125531823625805089e-01 0.000000000000000000e+00
1.041077371400463081e+00 -1.123356128245120988e-01 0.000000000000000000e+00
1.040882752591572480e+00 -1.121181647337146092e-01 0.000000000000000000e+00
1.040688000017371939e+00 -1.119008372267637358e-01 0.000000000000000000e+00
1.040493114721255274e+00 -1.116836294402351881e-01 0.000000000000000000e+00
1.040298097746617190e+00 -1.114665405107047175e-01 0.000000000000000000e+00
1.040102950136850835e+00 -1.112495695747480196e-01 0.000000000000000000e+00
1.039907672935350025e+00 -1.110327157689408178e-01 0.000000000000000000e+00
1.039712267185508798e+00 -1.108159782298588220e-01 0.000000000000000000e+00
1.039516733930721193e+00 -1.105993560940778386e-01 0.000000000000000000e+00
1.039321074214380802e+00 -1.103828484981734526e-01 0.000000000000000000e+00
1.039125289079881442e+00 -1.101664545787214566e-01 0.000000000000000000e+00
1.038929379570616929e+00 -1.099501734722975743e-01 0.000000000000000000e+00
1.038733346729981299e+00 -1.097340043154775013e-01 0.000000000000000000e+00
1.038537191601368148e+00 -1.095179462448369750e-01 0.000000000000000000e+00
1.038340915228171513e+00 -1.093019983969516773e-01 0.000000000000000000e+00
1.038144518653785209e+00 -1.090861599083973871e-01 0.000000000000000000e+00
1.037948002921602830e+00 -1.088704299157498001e-01 0.000000000000000000e+00
1.037751369075018859e+00 -1.086548075555846399e-01 0.000000000000000000e+00
1.037554618157426445e+00 -1.084392919644775882e-01 0.000000000000000000e+00
1.037357751212219625e+00 -1.082238822790044241e-01 0.000000000000000000e+00
1.037160769282792439e+00 -1.080085776357408017e-01 0.000000000000000000e+00
1.036963673412538700e+00 -1.077933771712625138e-01 0.000000000000000000e+00
1.036766464644851782e+00 -1.075782800221452423e-01 0.000000000000000000e+00
1.036569144023126166e+00 -1.073632853249646690e-01 0.000000000000000000e+00
1.036371712590755223e+00 -1.071483922162965730e-01 0.000000000000000000e+00
1.036174171391133214e+00 -1.069335998327166776e-01 0.000000000000000000e+00
1.035976521467653511e+00 -1.067189073108006370e-01 0.000000000000000000e+00
1.035778763863710594e+00 -1.065043137871242440e-01 0.000000000000000000e+00
1.035580899622697615e+00 -1.062898183982631667e-01 0.000000000000000000e+00
1.035382929788008832e+00 -1.060754202807931562e-01 0.000000000000000000e+00
1.035184855403037840e+00 -1.058611185712899222e-01 0.000000000000000000e+00
1.034986677511178677e+00 -1.056469124063291742e-01 0.000000000000000000e+00
1.034788397155825379e+00 -1.054328009224866636e-01 0.000000000000000000e+00
1.034590015380371097e+00 -1.052187832563380582e-01 0.000000000000000000e+00
1.034391533228210536e+00 -1.050048585444591370e-01 0.000000000000000000e+00
1.034192951742736843e+00 -1.047910259234255681e-01 0.000000000000000000e+00
1.033994271967344059e+00 -1.045772845298131026e-01 0.000000000000000000e+00
1.033795494945426219e+00 -1.043636335001974502e-01 0.000000000000000000e+00
1.033596621720376918e+00 -1.041500719711543066e-01 0.000000000000000000e+00
1.033397653335590194e+00 -1.039365990792594369e-01 0.000000000000000000e+00
1.033198590834459640e+00 -1.037232139610885506e-01 0.000000000000000000e+00
1.032999435260379295e+00 -1.035099157532173436e-01 0.000000000000000000e+00
1.032800187656743418e+00 -1.032967035922215532e-01 0.000000000000000000e+00
1.032600849066944937e+00 -1.030835766146768889e-01 0.000000000000000000e+00
1.032401420534378111e+00 -1.028705339571591021e-01 0.000000000000000000e+00
1.032201903039460467e+00 -1.026575748030158636e-01 0.000000000000000000e+00
1.032002297300248506e+00 -1.024446985304470065e-01 0.000000000000000000e+00
1.031802603966488707e+00 -1.022319045683859756e-01 0.000000000000000000e+00
1.031602823687926884e+00 -1.020191923457665351e-01 0.000000000000000000e+00
1.031402957114308849e+00 -1.018065612915222684e-01 0.000000000000000000e+00
1.031203004895380193e+00 -1.015940108345868981e-01 0.000000000000000000e+00
1.031002967680886950e+00 -1.013815404038940354e-01 0.000000000000000000e+00
1.030802846120575378e+00 -1.011691494283774168e-01 0.000000000000000000e+00
1.030602640864191066e+00 -1.009568373369706951e-01 0.000000000000000000e+00
1.030402352561479384e+00 -1.007446035586074817e-01 0.000000000000000000e+00
1.030201981862186811e+00 -1.005324475222214714e-01 0.000000000000000000e+00
1.030001529416058936e+00 -1.003203686567463865e-01 0.000000000000000000e+00
1.029800995872842018e+00 -1.001083663911157967e-01 0.000000000000000000e+00
1.029600381882281424e+00 -9.989644015426346613e-02 0.000000000000000000e+00
1.029399688094123411e+00 -9.968458937512303386e-02 0.000000000000000000e+00
1.029198915158113570e+00 -9.947281348262812517e-02 0.000000000000000000e+00
1.028998063723998158e+00 -9.926111190571243470e-02 0.000000000000000000e+00
1.028797134441522543e+00 -9.904948407330965710e-02 0.000000000000000000e+00
1.028596127960432538e+00 -9.883792941435338986e-02 0.000000000000000000e+00
1.028395044930474622e+00 -9.862644735777739702e-02 0.000000000000000000e+00
1.028193886001394164e+00 -9.841503733251527608e-02 0.000000000000000000e+00
1.027992651822937198e+00 -9.820369876750070781e-02 0.000000000000000000e+00
1.027791343044849981e+00 -9.799243109166737298e-02 0.000000000000000000e+00
1.027589960316877660e+00 -9.778123373394892459e-02 0.000000000000000000e+00
1.027388504288766491e+00 -9.757010612327904342e-02 0.000000000000000000e+00
1.027186975610262509e+00 -9.735904768859141023e-02 0.000000000000000000e+00
1.026985374931110861e+00 -9.714805785881963640e-02 0.000000000000000000e+00
1.026783702901058470e+00 -9.693713606289747209e-02 0.000000000000000000e+00
1.026581960169850261e+00 -9.672628172975850092e-02 0.000000000000000000e+00
1.026380147387232489e+00 -9.651549428833647304e-02 0.000000000000000000e+00
1.026178265202951412e+00 -9.630477316756497208e-02 0.000000000000000000e+00
1.025976314266752176e+00 -9.609411779637773432e-02 0.000000000000000000e+00
1.025774295228381039e+00 -9.588352760370838501e-02 0.000000000000000000e+00
1.025572208737583813e+00 -9.567300201849061880e-02 0.000000000000000000e+00
1.025370055444106310e+00 -9.546254046965808870e-02 0.000000000000000000e+00
1.025167835997694565e+00 -9.525214238614446161e-02 0.000000000000000000e+00
1.024965551048094392e+00 -9.504180719688343215e-02 0.000000000000000000e+00
1.024763201245051603e+00 -9.483153433080861172e-02 0.000000000000000000e+00
1.024560787238311788e+00 -9.462132321685372272e-02 0.000000000000000000e+00
1.024358309677621426e+00 -9.441117328395240427e-02 0.000000000000000000e+00
1.024155769212725886e+00 -9.420108396103833714e-02 0.000000000000000000e+00
1.023953166493371425e+00 -9.399105467704517436e-02 0.000000000000000000e+00
1.023750502169303411e+00 -9.378108486090661056e-02 0.000000000000000000e+00
1.023547776890268102e+00 -9.357117394155628487e-02 0.000000000000000000e+00
1.023344991306011309e+00 -9.336132134792789194e-02 0.000000000000000000e+00
1.023142146066278624e+00 -9.315152650895505704e-02 0.000000000000000000e+00
1.022939241820816303e+00 -9.294178885357148867e-02 0.000000000000000000e+00
1.022736279219370159e+00 -9.273210781071082598e-02 0.000000000000000000e+00
1.022533258911685783e+00 -9.252248280930676361e-02 0.000000000000000000e+00
1.022330181547509209e+00 -9.231291327829296844e-02 0.000000000000000000e+00
1.022127047776586473e+00 -9.210339864660307962e-02 0.000000000000000000e+00
1.021923858243696914e+00 -9.189393834716046150e-02 0.000000000000000000e+00
1.021720613458871441e+00 -9.168453192113451555e-02 0.000000000000000000e+00
1.021517313784899850e+00 -9.147517902797704104e-02 0.000000000000000000e+00
1.021313959577100805e+00 -9.126587933314178613e-02 0.000000000000000000e+00
1.021110551190792082e+00 -9.105663250208237414e-02 0.000000000000000000e+00
1.020907088981292343e+00 -9.084743820025248384e-02 0.000000000000000000e+00
1.020703573303919365e+00 -9.063829609310578017e-02 0.000000000000000000e+00
1.020500004513992476e+00 -9.042920584609596968e-02 0.000000000000000000e+00
1.020296382966828785e+00 -9.022016712467670341e-02 0.000000000000000000e+00
1.020092709017747401e+00 -9.001117959430170179e-02 0.000000000000000000e+00
1.019888983022066764e+00 -8.980224292042462975e-02 0.000000000000000000e+00
1.019685205335104650e+00 -8.959335676849913832e-02 0.000000000000000000e+00
1.019481376312178833e+00 -8.938452080397886468e-02 0.000000000000000000e+00
1.019277496308609310e+00 -8.917573469231757088e-02 0.000000000000000000e+00
1.019073565679712523e+00 -8.896699809896889410e-02 0.000000000000000000e+00
1.018869584780808024e+00 -8.875831068938655477e-02 0.000000000000000000e+00
1.018665553967213588e+00 -8.854967212902416229e-02 0.000000000000000000e+00
1.018461473594247657e+00 -8.834108208333540935e-02 0.000000000000000000e+00
1.018257344017228450e+00 -8.813254021777401637e-02 0.000000000000000000e+00
1.018053165591474407e+00 -8.792404619779360664e-02 0.000000000000000000e+00
1.017848938672303749e+00 -8.771559968884791447e-02 0.000000000000000000e+00
1.017644663615034473e+00 -8.750720035639056316e-02 0.000000000000000000e+00
1.017440340774985685e+00 -8.729884786587528700e-02 0.000000000000000000e+00
1.017235970507474940e+00 -8.709054188275570929e-02 0.000000000000000000e+00
1.017031553167820457e+00 -8.688228207248552271e-02 0.000000000000000000e+00
1.016827089111341342e+00 -8.667406810051839217e-02 0.000000000000000000e+00
1.016622578693355372e+00 -8.646589963230803810e-02 0.000000000000000000e+00
1.016418022269180543e+00 -8.625777633330809768e-02 0.000000000000000000e+00
1.016213420194135741e+00 -8.604969786897227746e-02 0.000000000000000000e+00
1.016008772823539408e+00 -8.584166390475422848e-02 0.000000000000000000e+00
1.015804080512709096e+00 -8.563367410610765729e-02 0.000000000000000000e+00
1.015599343616963468e+00 -8.542572813848618718e-02 0.000000000000000000e+00
1.015394562491620967e+00 -8.521782566734356634e-02 0.000000000000000000e+00
1.015189737491999589e+00 -8.500996635813343194e-02 0.000000000000000000e+00
1.014984868973418219e+00 -8.480214987630943502e-02 0.000000000000000000e+00
1.014779957291194412e+00 -8.459437588732532376e-02 0.000000000000000000e+00
1.014575002800647052e+00 -8.438664405663470758e-02 0.000000000000000000e+00
1.014370005857094137e+00 -8.417895404969132078e-02 0.000000000000000000e+00
1.014164966815853886e+00 -8.397130553194880054e-02 0.000000000000000000e+00
1.013959886032244961e+00 -8.376369816886082564e-02 0.000000000000000000e+00
1.013754763861585584e+00 -8.355613162588110265e-02 0.000000000000000000e+00
1.013549600659193750e+00 -8.334860556846329649e-02 0.000000000000000000e+00
1.013344396780387902e+00 -8.314111966206105819e-02 0.000000000000000000e+00
1.013139152580486479e+00 -8.293367357212809432e-02 0.000000000000000000e+00
1.012933868414807481e+00 -8.272626696411804204e-02 0.000000000000000000e+00
1.012728544638669570e+00 -8.251889950348463565e-02 0.000000000000000000e+00
1.012523181607390743e+00 -8.231157085568151233e-02 0.000000000000000000e+00
1.012317779676289886e+00 -8.210428068616239250e-02 0.000000000000000000e+00
1.012112339200684552e+00 -8.189702866038089946e-02 0.000000000000000000e+00
1.011906860535893404e+00 -8.168981444379072587e-02 0.000000000000000000e+00
1.011701344037234662e+00 -8.148263770184559218e-02 0.000000000000000000e+00
1.011495790060026767e+00 -8.127549809999909392e-02 0.000000000000000000e+00
1.011290198959587938e+00 -8.106839530370499314e-02 0.000000000000000000e+00
1.011084571091236395e+00 -8.086132897841691314e-02 0.000000000000000000e+00
1.010878906810290578e+00 -8.065429878958857435e-02 0.000000000000000000e+00
1.010673206472068486e+00 -8.044730440267360005e-02 0.000000000000000000e+00
1.010467470431888781e+00 -8.024034548312569681e-02 0.000000000000000000e+00
1.010261699045069905e+00 -8.003342169639855730e-02 0.000000000000000000e+00
1.010055892666929411e+00 -7.982653270794581868e-02 0.000000000000000000e+00
1.009850051652786407e+00 -7.961967818322118751e-02 0.000000000000000000e+00
1.009644176357959111e+00 -7.941285778767837034e-02 0.000000000000000000e+00
1.009438267137765077e+00 -7.920607118677094882e-02 0.000000000000000000e+00
1.009232324347523191e+00 -7.899931804595271279e-02 0.000000000000000000e+00
1.009026348342551893e+00 -7.879259803067727164e-02 0.000000000000000000e+00
1.008820339478169181e+00 -7.858591080639830417e-02 0.000000000000000000e+00
1.008614298109693275e+00 -7.837925603856951695e-02 0.000000000000000000e+00
1.008408224592442837e+00 -7.817263339264456101e-02 0.000000000000000000e+00
1.008202119281736309e+00 -7.796604253407714291e-02 0.000000000000000000e+00
1.007995982535710766e+00 -7.775948312472072410e-02 0.000000000000000000e+00
1.007789814753236257e+00 -7.755295477442233909e-02 0.000000000000000000e+00
1.007583616363807888e+00 -7.734645705392610704e-02 0.000000000000000000e+00
1.007377387797666835e+00 -7.713998953302264594e-02 0.000000000000000000e+00
1.007171129485054495e+00 -7.693355178150260154e-02 0.000000000000000000e+00
1.006964841856212711e+00 -7.672714336915661959e-02 0.000000000000000000e+00
1.006758525341383326e+00 -7.652076386577534584e-02 0.000000000000000000e+00
1.006552180370807514e+00 -7.631441284114938439e-02 0.000000000000000000e+00
1.006345807374727119e+00 -7.610808986506940876e-02 0.000000000000000000e+00
1.006139406783383539e+00 -7.590179450732606470e-02 0.000000000000000000e+00
1.005932979027018392e+00 -7.569552633770992855e-02 0.000000000000000000e+00
1.005726524535873523e+00 -7.548928492601172935e-02 0.000000000000000000e+00
1.005520043740190328e+00 -7.528306984202204344e-02 0.000000000000000000e+00
1.005313537070210428e+00 -7.507688065553153045e-02 0.000000000000000000e+00
1.005107004956175221e+00 -7.487071693633082226e-02 0.000000000000000000e+00
1.004900447828326548e+00 -7.466457825421053685e-02 0.000000000000000000e+00
1.004693866116905587e+00 -7.445846417896134772e-02 0.000000000000000000e+00
1.004487260252154623e+00 -7.425237428037388676e-02 0.000000000000000000e+00
1.004280630664314611e+00 -7.404630812823877195e-02 0.000000000000000000e+00
1.004073977783627392e+00 -7.384026529234666292e-02 0.000000000000000000e+00
1.003867302040334364e+00 -7.363424534248816378e-02 0.000000000000000000e+00
1.003660603864677592e+00 -7.342824784845398967e-02 0.000000000000000000e+00
1.003453883686898251e+00 -7.322227238003470307e-02 0.000000000000000000e+00
1.003247141937237963e+00 -7.301631850702096360e-02 0.000000000000000000e+00
1.003040379045938346e+00 -7.281038579920341702e-02 0.000000000000000000e+00
1.002833595443241244e+00 -7.260447382637269520e-02 0.000000000000000000e+00
1.002626791559387609e+00 -7.239858215831945776e-02 0.000000000000000000e+00
1.002419967824619507e+00 -7.219271036483432269e-02 0.000000000000000000e+00
1.002213124669178779e+00 -7.198685801570792187e-02 0.000000000000000000e+00
1.002006262523306379e+00 -7.178102468073090103e-02 0.000000000000000000e+00
1.001799381817244372e+00 -7.157520992969391982e-02 0.000000000000000000e+00
1.001592482981233934e+00 -7.136941333238758234e-02 0.000000000000000000e+00
1.001385566445517128e+00 -7.116363445860254822e-02 0.000000000000000000e+00
1.001178632640335353e+00 -7.095787287812947708e-02 0.000000000000000000e+00
1.000971681995929563e+00 -7.075212816075894529e-02 0.000000000000000000e+00
1.000764714942542488e+00 -7.054639987628164022e-02 0.000000000000000000e+00
1.000557731910414860e+00 -7.034068759448819375e-02 0.000000000000000000e+00
1.000350733329788744e+00 -7.013499088516922386e-02 0.000000000000000000e+00
1.000143719630905315e+00 -6.992930931811539019e-02 0.000000000000000000e+00
9.999366912440066368e-01 -6.972364246311735236e-02 0.000000000000000000e+00
9.997296485993337756e-01 -6.951798988996567286e-02 0.000000000000000000e+00
9.995225921271286840e-01 -6.931235116845108069e-02 0.000000000000000000e+00
9.993155222576328711e-01 -6.910672586836415221e-02 0.000000000000000000e+00
9.991084393429058297e-01 -6.890111363898661356e-02 0.000000000000000000e+00
9.989013426831990783e-01 -6.869551519901960501e-02 0.000000000000000000e+00
9.986942308254936895e-01 -6.848993203304697130e-02 0.000000000000000000e+00
9.984871023003907275e-01 -6.828436564230735972e-02 0.000000000000000000e+00
9.982799556384907014e-01 -6.807881752803943143e-02 0.000000000000000000e+00
9.980727893703942311e-01 -6.787328919148181983e-02 0.000000000000000000e+00
9.978656020267023807e-01 -6.766778213387319996e-02 0.000000000000000000e+00
9.976583921380158815e-01 -6.746229785645221910e-02 0.000000000000000000e+00
9.974511582349351313e-01 -6.725683786045753842e-02 0.000000000000000000e+00
9.972438988480611943e-01 -6.705140364712774970e-02 0.000000000000000000e+00
9.970366125079946906e-01 -6.684599671770158347e-02 0.000000000000000000e+00
9.968292977453362402e-01 -6.664061857341763151e-02 0.000000000000000000e+00
9.966219530906866853e-01 -6.643527071551456886e-02 0.000000000000000000e+00
9.964145770746469788e-01 -6.622995464523107056e-02 0.000000000000000000e+00
9.962071682278177409e-01 -6.602467186380577002e-02 0.000000000000000000e+00
9.959997250807997027e-01 -6.581942387247730064e-02 0.000000000000000000e+00
9.957922461641932621e-01 -6.561421217248430970e-02 0.000000000000000000e+00
9.955847300085999274e-01 -6.540903826506547225e-02 0.000000000000000000e+00
9.953771751446197635e-01 -6.520390365145944944e-02 0.000000000000000000e+00
9.951695801028537236e-01 -6.499880983290484693e-02 0.000000000000000000e+00
9.949619434139024277e-01 -6.479375831064036750e-02 0.000000000000000000e+00
9.947542636083670509e-01 -6.458875058590463070e-02 0.000000000000000000e+00
9.945465392168478802e-01 -6.438378815993629767e-02 0.000000000000000000e+00
9.943387687699457578e-01 -6.417887253397401570e-02 0.000000000000000000e+00
9.941309507982616367e-01 -6.397400520925643208e-02 0.000000000000000000e+00
9.939230838323960260e-01 -6.376918768702222184e-02 0.000000000000000000e+00
9.937151664029497677e-01 -6.356442146851000452e-02 0.000000000000000000e+00
9.935071970405238151e-01 -6.335970805495846903e-02 0.000000000000000000e+00
9.932991742757186771e-01 -6.315504894760623489e-02 0.000000000000000000e+00
9.930910966391349737e-01 -6.295044564769194939e-02 0.000000000000000000e+00
9.928829626613734360e-01 -6.274589965645428757e-02 0.000000000000000000e+00
9.926747708730352393e-01 -6.254141247513186896e-02 0.000000000000000000e+00
9.924665198047207815e-01 -6.233698560496338942e-02 0.000000000000000000e+00
9.922582079870309046e-01 -6.213262054718748928e-02 0.000000000000000000e+00
9.920498339505661178e-01 -6.192831880304277420e-02 0.000000000000000000e+00
9.918413962266181549e-01 -6.172408187313055405e-02 0.000000000000000000e+00
9.916328935479188367e-01 -6.151991107210026677e-02 0.000000000000000000e+00
9.914243251272694124e-01 -6.131580727144606002e-02 0.000000000000000000e+00
9.912156902474559272e-01 -6.111177127805868942e-02 0.000000000000000000e+00
9.910069881912635381e-01 -6.090780389882884810e-02 0.000000000000000000e+00
9.907982182414788452e-01 -6.070390594064734718e-02 0.000000000000000000e+00
9.905893796808868945e-01 -6.050007821040481043e-02 0.000000000000000000e+00
9.903804717922740641e-01 -6.029632151499207671e-02 0.000000000000000000e+00
9.901714938584260661e-01 -6.009263666129981835e-02 0.000000000000000000e+00
9.899624451621283905e-01 -5.988902445621880483e-02 0.000000000000000000e+00
9.897533249861669713e-01 -5.968548570663974318e-02 0.000000000000000000e+00
9.895441326133276316e-01 -5.948202121945336818e-02 0.000000000000000000e+00
9.893348673263963056e-01 -5.927863180155044931e-02 0.000000000000000000e+00
9.891255284081585941e-01 -5.907531825982165891e-02 0.000000000000000000e+00
9.889161151414004314e-01 -5.887208140115781502e-02 0.000000000000000000e+00
9.887066268089075294e-01 -5.866892203244958998e-02 0.000000000000000000e+00
9.884970626934658222e-01 -5.846584096058773938e-02 0.000000000000000000e+00
9.882874220778606889e-01 -5.826283899246298414e-02 0.000000000000000000e+00
9.880777042448785075e-01 -5.805991693496605904e-02 0.000000000000000000e+00
9.878679084773048791e-01 -5.785707559498773356e-02 0.000000000000000000e+00
9.876580340579255157e-01 -5.765431577941870778e-02 0.000000000000000000e+00
9.874480802695260184e-01 -5.745163829514970955e-02 0.000000000000000000e+00
9.872380463948925433e-01 -5.724904394907150834e-02 0.000000000000000000e+00
9.870279317168106914e-01 -5.704653354807480425e-02 0.000000000000000000e+00
9.868177355180665078e-01 -5.684410789905036676e-02 0.000000000000000000e+00
9.866074570814454825e-01 -5.664176780888889595e-02 0.000000000000000000e+00
9.863970956897334386e-01 -5.643951408448114743e-02 0.000000000000000000e+00
9.861866506257161991e-01 -5.623734753271782821e-02 0.000000000000000000e+00
9.859761211721799201e-01 -5.603526896048970779e-02 0.000000000000000000e+00
9.857655066119100917e-01 -5.583327917468752094e-02 0.000000000000000000e+00
9.855548062276924259e-01 -5.563137898220196775e-02 0.000000000000000000e+00
9.853440193023127458e-01 -5.542956918992381077e-02 0.000000000000000000e+00
9.851331451185572075e-01 -5.522785060474378477e-02 0.000000000000000000e+00
9.849221829592109678e-01 -5.502622403355260372e-02 0.000000000000000000e+00
9.847111321070605161e-01 -5.482469028324101629e-02 0.000000000000000000e+00
9.844999918448910092e-01 -5.462325016069975031e-02 0.000000000000000000e+00
9.842887614554888254e-01 -5.442190447281955445e-02 0.000000000000000000e+00
9.840774402216394545e-01 -5.422065402649116350e-02 0.000000000000000000e+00
9.838660274261286087e-01 -5.401949962860527754e-02 0.000000000000000000e+00
9.836545223517424441e-01 -5.381844208605267299e-02 0.000000000000000000e+00
9.834429242812664507e-01 -5.361748220572406382e-02 0.000000000000000000e+00
9.832312324974865625e-01 -5.341662079451019868e-02 0.000000000000000000e+00
9.830194462831973734e-01 -5.321585865930038295e-02 0.000000000000000000e+00
9.828075649410475956e-01 -5.301519660384090143e-02 0.000000000000000000e+00
9.825955878357683915e-01 -5.281463542204984513e-02 0.000000000000000000e+00
9.823835143441933537e-01 -5.261417590592946947e-02 0.000000000000000000e+00
9.821713438431548537e-01 -5.241381884748211317e-02 0.000000000000000000e+00
9.819590757094857070e-01 -5.221356503871003862e-02 0.000000000000000000e+00
9.817467093200191730e-01 -5.201341527161554290e-02 0.000000000000000000e+00
9.815342440515879563e-01 -5.181337033820094390e-02 0.000000000000000000e+00
9.813216792810250944e-01 -5.161343103046850400e-02 0.000000000000000000e+00
9.811090143851636247e-01 -5.141359814042055498e-02 0.000000000000000000e+00
9.808962487408364739e-01 -5.121387246005938004e-02 0.000000000000000000e+00
9.806833817248761243e-01 -5.101425478138724851e-02 0.000000000000000000e+00
9.804704127141158354e-01 -5.081474589640649908e-02 0.000000000000000000e+00
9.802573410853884228e-01 -5.061534659711938722e-02 0.000000000000000000e+00
9.800441662155268130e-01 -5.041605767552822387e-02 0.000000000000000000e+00
9.798308874813643765e-01 -5.021687992363531305e-02 0.000000000000000000e+00
9.796175042597333738e-01 -5.001781413344293103e-02 0.000000000000000000e+00
9.794040159274669533e-01 -4.981886109695340958e-02 0.000000000000000000e+00
9.791904218613982636e-01 -4.962002160616899721e-02 0.000000000000000000e+00
9.789767214383597871e-01 -4.942129645309201874e-02 0.000000000000000000e+00
9.787629140351847834e-01 -4.922268642972475738e-02 0.000000000000000000e+00
9.785489990287061790e-01 -4.902419232806951022e-02 0.000000000000000000e+00
9.783349757957566784e-01 -4.882581494012858819e-02 0.000000000000000000e+00
9.781208437131693190e-01 -4.862755505790426758e-02 0.000000000000000000e+00
9.779066021577772494e-01 -4.842941347339885932e-02 0.000000000000000000e+00
9.776922505064130631e-01 -4.823139097861462582e-02 0.000000000000000000e+00
9.774777881359096865e-01 -4.803348836555390577e-02 0.000000000000000000e+00
9.772632144231001572e-01 -4.783570642621896157e-02 0.000000000000000000e+00
9.770485287448175127e-01 -4.763804595261211805e-02 0.000000000000000000e+00
9.768337304778944574e-01 -4.744050773673563759e-02 0.000000000000000000e+00
9.766188189991641400e-01 -4.724309257059184503e-02 0.000000000000000000e+00
9.764037936854590427e-01 -4.704580124618301662e-02 0.000000000000000000e+00
9.761886539136126473e-01 -4.684863455551145639e-02 0.000000000000000000e+00
9.759733990604574361e-01 -4.665159329057944060e-02 0.000000000000000000e+00
9.757580285028266687e-01 -4.645467824338930102e-02 0.000000000000000000e+00
9.755425416175529385e-01 -4.625789020594329309e-02 0.000000000000000000e+00
9.753269377814693941e-01 -4.606122997024375554e-02 0.000000000000000000e+00
9.751112163714089620e-01 -4.586469832829294380e-02 0.000000000000000000e+00
9.748953767642043466e-01 -4.566829607209316882e-02 0.000000000000000000e+00
9.746794182766975734e-01 -4.547202407035288302e-02 0.000000000000000000e+00
9.744633395890712757e-01 -4.527588400583201084e-02 0.000000000000000000e+00
9.742471389978717422e-01 -4.507987805181726260e-02 0.000000000000000000e+00
9.740308147943673722e-01 -4.488400838834544909e-02 0.000000000000000000e+00
9.738143652698258990e-01 -4.468827719545335336e-02 0.000000000000000000e+00
9.735977887155153887e-01 -4.449268665317780702e-02 0.000000000000000000e+00
9.733810834227035746e-01 -4.429723894155558617e-02 0.000000000000000000e+00
9.731642476826585231e-01 -4.410193624062352935e-02 0.000000000000000000e+00
9.729472797866477451e-01 -4.390678073041840573e-02 0.000000000000000000e+00
9.727301780259395292e-01 -4.371177459097702611e-02 0.000000000000000000e+00
9.725129406918018304e-01 -4.351692000233620822e-02 0.000000000000000000e+00
9.722955660755020491e-01 -4.332221914453274203e-02 0.000000000000000000e+00
9.720780524683084733e-01 -4.312767419760344528e-02 0.000000000000000000e+00
9.718603981614892806e-01 -4.293328734158510795e-02 0.000000000000000000e+00
9.716426014463117600e-01 -4.273906075651454778e-02 0.000000000000000000e+00
9.714246606140443108e-01 -4.254499662242855473e-02 0.000000000000000000e+00
9.712065739559544442e-01 -4.235109711936393961e-02 0.000000000000000000e+00
9.709883397633103375e-01 -4.215736442735751321e-02 0.000000000000000000e+00
9.707699563273798349e-01 -4.196380072644605858e-02 0.000000000000000000e+00
9.705514219394306696e-01 -4.177040819666639343e-02 0.000000000000000000e+00
9.703327348907309080e-01 -4.157718901805532163e-02 0.000000000000000000e+00
9.701138934725486163e-01 -4.138414537064965398e-02 0.000000000000000000e+00
9.698948959761510835e-01 -4.119127943448617352e-02 0.000000000000000000e+00
9.696757406928071532e-01 -4.099859338960171184e-02 0.000000000000000000e+00
9.694564259137838924e-01 -4.080608941603305895e-02 0.000000000000000000e+00
9.692369499303495894e-01 -4.061376969381700480e-02 0.000000000000000000e+00
9.690173110337718665e-01 -4.042163640299036714e-02 0.000000000000000000e+00
9.687975075153190119e-01 -4.022969172358993595e-02 0.000000000000000000e+00
9.685775376662588698e-01 -4.003793783565255671e-02 0.000000000000000000e+00
9.683573997778590625e-01 -3.984637691921498470e-02 0.000000000000000000e+00
9.681370921413877673e-01 -3.965501115431406542e-02 0.000000000000000000e+00
9.679166130481127173e-01 -3.946384272098656110e-02 0.000000000000000000e+00
9.676959607893016457e-01 -3.927287379926928251e-02 0.000000000000000000e+00
9.674751336562229520e-01 -3.908210656919906129e-02 0.000000000000000000e+00
9.672541300807824260e-01 -3.889154306030160463e-02 0.000000000000000000e+00
9.670329498134780932e-01 -3.870118389094367312e-02 0.000000000000000000e+00
9.668115933260059691e-01 -3.851102890766599368e-02 0.000000000000000000e+00
9.665900610974050844e-01 -3.832107794914962895e-02 0.000000000000000000e+00
9.663683536067159130e-01 -3.813133085407571787e-02 0.000000000000000000e+00
9.661464713329768195e-01 -3.794178746112530226e-02 0.000000000000000000e+00
9.659244147552286108e-01 -3.775244760897948637e-02 0.000000000000000000e+00
9.657021843525102067e-01 -3.756331113631933283e-02 0.000000000000000000e+00
9.654797806038613039e-01 -3.737437788182593201e-02 0.000000000000000000e+00
9.652572039883218213e-01 -3.718564768418039512e-02 0.000000000000000000e+00
9.650344549849306786e-01 -3.699712038206378478e-02 0.000000000000000000e+00
9.648115340727283495e-01 -3.680879581415719137e-02 0.000000000000000000e+00
9.645884417307535319e-01 -3.662067381914169834e-02 0.000000000000000000e+00
9.643651784380463665e-01 -3.643275423569836829e-02 0.000000000000000000e+00
9.641417446736463281e-01 -3.624503690250833327e-02 0.000000000000000000e+00
9.639181409165931136e-01 -3.605752165825264893e-02 0.000000000000000000e+00
9.636943676459264196e-01 -3.587020834161241262e-02 0.000000000000000000e+00
9.634704253406854990e-01 -3.568309679126870082e-02 0.000000000000000000e+00
9.632463144799098265e-01 -3.549618684590255535e-02 0.000000000000000000e+00
9.630220355426395429e-01 -3.530947834419514986e-02 0.000000000000000000e+00
9.627975890079137899e-01 -3.512297112482751227e-02 0.000000000000000000e+00
9.625729753547724865e-01 -3.493666502648073297e-02 0.000000000000000000e+00
9.623481950622551073e-01 -3.475055988783590927e-02 0.000000000000000000e+00
9.621232486094013492e-01 -3.456465554757410380e-02 0.000000000000000000e+00
9.618981364752504648e-01 -3.437895184437643470e-02 0.000000000000000000e+00
9.616728591388423730e-01 -3.419344861692397153e-02 0.000000000000000000e+00
9.614474170792165486e-01 -3.400814570389778385e-02 0.000000000000000000e+00
9.612218107754123553e-01 -3.382304294397895511e-02 0.000000000000000000e+00
9.609960407064700449e-01 -3.363814017584860344e-02 0.000000000000000000e+00
9.607701073514286483e-01 -3.345343723818779841e-02 0.000000000000000000e+00
9.605440111893280841e-01 -3.326893396967761651e-02 0.000000000000000000e+00
9.603177526992077162e-01 -3.308463020899914814e-02 0.000000000000000000e+00
9.600913323601069083e-01 -3.290052579483344897e-02 0.000000000000000000e+00
9.598647506244837313e-01 -3.271662058887375019e-02 0.000000000000000000e+00
9.596380077712539647e-01 -3.253291460304786470e-02 0.000000000000000000e+00
9.594111040096936494e-01 -3.234940790957072099e-02 0.000000000000000000e+00
9.591840395488911986e-01 -3.216610058081949969e-02 0.000000000000000000e+00
9.589568145979359137e-01 -3.198299268917136062e-02 0.000000000000000000e+00
9.587294293659159861e-01 -3.180008430700350525e-02 0.000000000000000000e+00
9.585018840619207170e-01 -3.161737550669310726e-02 0.000000000000000000e+00
9.582741788950386308e-01 -3.143486636061731260e-02 0.000000000000000000e+00
9.580463140743579187e-01 -3.125255694115330191e-02 0.000000000000000000e+00
9.578182898089677710e-01 -3.107044732067822806e-02 0.000000000000000000e+00
9.575901063079568232e-01 -3.088853757156930641e-02 0.000000000000000000e+00
9.573617637804142655e-01 -3.070682776620367940e-02 0.000000000000000000e+00
9.571332624354280671e-01 -3.052531797695852422e-02 0.000000000000000000e+00
9.569046024820871965e-01 -3.034400827621101804e-02 0.000000000000000000e+00
9.566757841294807330e-01 -3.016289873633829985e-02 0.000000000000000000e+00
9.564468075866970898e-01 -2.998198942971759887e-02 0.000000000000000000e+00
9.562176730628250132e-01 -2.980128042872605063e-02 0.000000000000000000e+00
9.559883807669531386e-01 -2.962077180574084270e-02 0.000000000000000000e+00
9.557589309081705453e-01 -2.944046363313912451e-02 0.000000000000000000e+00
9.555293236955653136e-01 -2.926035598329805934e-02 0.000000000000000000e+00
9.552995593382269668e-01 -2.908044892859487293e-02 0.000000000000000000e+00
9.550696380452438072e-01 -2.890074254140669735e-02 0.000000000000000000e+00
9.548395600257043592e-01 -2.872123689411070629e-02 0.000000000000000000e+00
9.546093254886978130e-01 -2.854193205908408387e-02 0.000000000000000000e+00
9.543789346433124710e-01 -2.836282810870396562e-02 0.000000000000000000e+00
9.541483876986375234e-01 -2.818392511534758421e-02 0.000000000000000000e+00
9.539176848637611617e-01 -2.800522315139206825e-02 0.000000000000000000e+00
9.536868263477725760e-01 -2.782672228921461224e-02 0.000000000000000000e+00
9.534558123597602908e-01 -2.764842260119236908e-02 0.000000000000000000e+00
9.532246431088129413e-01 -2.747032415970250205e-02 0.000000000000000000e+00
9.529933188040192737e-01 -2.729242703712221260e-02 0.000000000000000000e+00
9.527618396544681456e-01 -2.711473130582866056e-02 0.000000000000000000e+00
9.525302058692484142e-01 -2.693723703819901616e-02 0.000000000000000000e+00
9.522984176574484927e-01 -2.675994430661045309e-02 0.000000000000000000e+00
9.520664752281569054e-01 -2.658285318344012077e-02 0.000000000000000000e+00
9.518343787731186056e-01 -2.640596376956731717e-02 0.000000000000000000e+00
9.516021284127208490e-01 -2.622927628313012627e-02 0.000000000000000000e+00
9.513697242490043449e-01 -2.605279097241700731e-02 0.000000000000000000e+00
9.511371663840089141e-01 -2.587650808571645422e-02 0.000000000000000000e+00
9.509044549197752660e-01 -2.570042787131692624e-02 0.000000000000000000e+00
9.506715899583437768e-01 -2.552455057750695547e-02 0.000000000000000000e+00
9.504385716017546004e-01 -2.534887645257499766e-02 0.000000000000000000e+00
9.502053999520478911e-01 -2.517340574480954676e-02 0.000000000000000000e+00
9.499720751112642469e-01 -2.499813870249909323e-02 0.000000000000000000e+00
9.497385971814439332e-01 -2.482307557393209282e-02 0.000000000000000000e+00
9.495049662646269928e-01 -2.464821660739708112e-02 0.000000000000000000e+00
9.492711824628540240e-01 -2.447356205118251735e-02 0.000000000000000000e+00
9.490372458781651810e-01 -2.429911215357689544e-02 0.000000000000000000e+00
9.488031566126010619e-01 -2.412486716286869892e-02 0.000000000000000000e+00
9.485689147682013767e-01 -2.395082732734638703e-02 0.000000000000000000e+00
9.483345204470072787e-01 -2.377699289529849880e-02 0.000000000000000000e+00
9.480999737510580339e-01 -2.360336411501347958e-02 0.000000000000000000e+00
9.478652747823949065e-01 -2.342994123477984761e-02 0.000000000000000000e+00
9.476304236430578287e-01 -2.325672450288606211e-02 0.000000000000000000e+00
9.473954204350872876e-01 -2.308371416762060660e-02 0.000000000000000000e+00
9.471602652605231043e-01 -2.291091047727198890e-02 0.000000000000000000e+00
9.469249582214058769e-01 -2.273831368012869253e-02 0.000000000000000000e+00
9.466894994197763147e-01 -2.256592402447919407e-02 0.000000000000000000e+00
9.464538889576742386e-01 -2.239374175861197011e-02 0.000000000000000000e+00
9.462181269371399139e-01 -2.222176713081553540e-02 0.000000000000000000e+00
9.459822134602140498e-01 -2.205000038937835957e-02 0.000000000000000000e+00
9.457461486289368002e-01 -2.187844178258893657e-02 0.000000000000000000e+00
9.455099325453483194e-01 -2.170709155873573951e-02 0.000000000000000000e+00
9.452735653114888725e-01 -2.153594996610724843e-02 0.000000000000000000e+00
9.450370470293989467e-01 -2.136501725299198851e-02 0.000000000000000000e+00
9.448003778011189180e-01 -2.119429366767840509e-02 0.000000000000000000e+00
9.445635577286890516e-01 -2.102377945845501292e-02 0.000000000000000000e+00
9.443265869141498348e-01 -2.085347487361028512e-02 0.000000000000000000e+00
9.440894654595409774e-01 -2.068338016143268093e-02 0.000000000000000000e+00
9.438521934669031888e-01 -2.051349557021073938e-02 0.000000000000000000e+00
9.436147710382768450e-01 -2.034382134823292318e-02 0.000000000000000000e+00
9.433771982757021002e-01 -2.017435774378771932e-02 0.000000000000000000e+00
9.431394752812196636e-01 -2.000510500516360785e-02 0.000000000000000000e+00
9.429016021568691341e-01 -1.983606338064905841e-02 0.000000000000000000e+00
9.426635790046913321e-01 -1.966723311853260311e-02 0.000000000000000000e+00
9.424254059267266337e-01 -1.949861446710270813e-02 0.000000000000000000e+00
9.421870830250151929e-01 -1.933020767464784309e-02 0.000000000000000000e+00
9.419486104015970529e-01 -1.916201298945651582e-02 0.000000000000000000e+00
9.417099881585129229e-01 -1.899403065981718555e-02 0.000000000000000000e+00
9.414712163978029569e-01 -1.882626093401837397e-02 0.000000000000000000e+00
9.412322952215074201e-01 -1.865870406034854725e-02 0.000000000000000000e+00
9.409932247316667997e-01 -1.849136028709620280e-02 0.000000000000000000e+00
9.407540050303210277e-01 -1.832422986254980679e-02 0.000000000000000000e+00
9.405146362195109244e-01 -1.815731303499784968e-02 0.000000000000000000e+00
9.402751184012765329e-01 -1.799061005272883929e-02 0.000000000000000000e+00
9.400354516776581182e-01 -1.782412116403124872e-02 0.000000000000000000e+00
9.397956361506960565e-01 -1.765784661719356496e-02 0.000000000000000000e+00
9.395556719224307241e-01 -1.749178666050427502e-02 0.000000000000000000e+00
9.393155590949021638e-01 -1.732594154225184160e-02 0.000000000000000000e+00
9.390752977701510851e-01 -1.716031151072479680e-02 0.000000000000000000e+00
9.388348880502177529e-01 -1.699489681421159984e-02 0.000000000000000000e+00
9.385943300371422104e-01 -1.682969770100074466e-02 0.000000000000000000e+00
9.383536238329648338e-01 -1.666471441938070785e-02 0.000000000000000000e+00
9.381127695397258881e-01 -1.649994721763997294e-02 0.000000000000000000e+00
9.378717672594659716e-01 -1.633539634406704077e-02 0.000000000000000000e+00
9.376306170942252383e-01 -1.617106204695040184e-02 0.000000000000000000e+00
9.373893191460440644e-01 -1.600694457457853270e-02 0.000000000000000000e+00
9.371478735169622709e-01 -1.584304417523991343e-02 0.000000000000000000e+00
9.369062803090207892e-01 -1.567936109722302407e-02 0.000000000000000000e+00
9.366645396242599952e-01 -1.551589558881637763e-02 0.000000000000000000e+00
9.364226515647195992e-01 -1.535264789830844898e-02 0.000000000000000000e+00
9.361806162324404212e-01 -1.518961827398772335e-02 0.000000000000000000e+00
9.359384337294625045e-01 -1.502680696414268081e-02 0.000000000000000000e+00
9.356961041578263361e-01 -1.486421421706179968e-02 0.000000000000000000e+00
9.354536276195719591e-01 -1.470184028103359297e-02 0.000000000000000000e+00
9.352110042167401938e-01 -1.453968540434653900e-02 0.000000000000000000e+00
9.349682340513707501e-01 -1.437774983528911261e-02 0.000000000000000000e+00
9.347253172255043374e-01 -1.421603382214980948e-02 0.000000000000000000e+00
9.344822538334293105e-01 -1.405453762887113461e-02 0.000000000000000000e+00
9.342390438441391387e-01 -1.389326177242529090e-02 0.000000000000000000e+00
9.339956871251792192e-01 -1.373220697465298359e-02 0.000000000000000000e+00
9.337521835411803917e-01 -1.357137396328196230e-02 0.000000000000000000e+00
9.335085329567730517e-01 -1.341076346603997313e-02 0.000000000000000000e+00
9.332647352365881499e-01 -1.325037621065474312e-02 0.000000000000000000e+00
9.330207902452559710e-01 -1.309021292485406177e-02 0.000000000000000000e+00
9.327766978474072435e-01 -1.293027433636564916e-02 0.000000000000000000e+00
9.325324579076724740e-01 -1.277056117291726182e-02 0.000000000000000000e+00
9.322880702906825023e-01 -1.261107416223662334e-02 0.000000000000000000e+00
9.320435348610679460e-01 -1.245181403205151971e-02 0.000000000000000000e+00
9.317988514834590896e-01 -1.229278151008967625e-02 0.000000000000000000e+00
9.315540200224869949e-01 -1.213397732407884080e-02 0.000000000000000000e+00
9.313090403427820574e-01 -1.197540220174676644e-02 0.000000000000000000e+00
9.310639123089748947e-01 -1.181705687082118018e-02 0.000000000000000000e+00
9.308186357856960136e-01 -1.165894205902985939e-02 0.000000000000000000e+00
9.305732106375761425e-01 -1.150105849410053976e-02 0.000000000000000000e+00
9.303276367292462323e-01 -1.134340690376096743e-02 0.000000000000000000e+00
9.300819139253363455e-01 -1.118598801573888850e-02 0.000000000000000000e+00
9.298360420904773216e-01 -1.102880255776203001e-02 0.000000000000000000e+00
9.295900210892996673e-01 -1.087185125755817799e-02 0.000000000000000000e+00
9.293438507864344444e-01 -1.071513484285506294e-02 0.000000000000000000e+00
9.290975310465117154e-01 -1.055865404138042925e-02 0.000000000000000000e+00
9.288510617341623199e-01 -1.040240958086202303e-02 0.000000000000000000e+00
9.286044427140167645e-01 -1.024640218902757652e-02 0.000000000000000000e+00
9.283576738507061110e-01 -1.009063259360487401e-02 0.000000000000000000e+00
9.281107550088604219e-01 -9.935101522321640802e-03 0.000000000000000000e+00
9.278636860531106478e-01 -9.779809702905628219e-03 0.000000000000000000e+00
9.276164668480872955e-01 -9.624757863084578910e-03 0.000000000000000000e+00
9.273690972584208714e-01 -9.469946730586223382e-03 0.000000000000000000e+00
9.271215771487421042e-01 -9.315377033138347654e-03 0.000000000000000000e+00
9.268739063836817227e-01 -9.161049498468680496e-03 0.000000000000000000e+00
9.266260848278702333e-01 -9.006964854304968029e-03 0.000000000000000000e+00
9.263781123459382538e-01 -8.853123828374958107e-03 0.000000000000000000e+00
9.261299888025164018e-01 -8.699527148406377766e-03 0.000000000000000000e+00
9.258817140622352948e-01 -8.546175542127013025e-03 0.000000000000000000e+00
9.256332879897256616e-01 -8.393069737264590921e-03 0.000000000000000000e+00
9.253847104496180087e-01 -8.240210461546859308e-03 0.000000000000000000e+00
9.251359813065427318e-01 -8.087598442701566040e-03 0.000000000000000000e+00
9.248871004251308925e-01 -7.935234408456439889e-03 0.000000000000000000e+00
9.246380676700127754e-01 -7.783119086539263404e-03 0.000000000000000000e+00
9.243888829058191092e-01 -7.631253204677768825e-03 0.000000000000000000e+00
9.241395459971806225e-01 -7.479637490599699672e-03 0.000000000000000000e+00
9.238900568087278220e-01 -7.328272672032805531e-03 0.000000000000000000e+00
9.236404152050911032e-01 -7.177159476704814307e-03 0.000000000000000000e+00
9.233906210509014167e-01 -7.026298632343511152e-03 0.000000000000000000e+00
9.231406742107893804e-01 -6.875690866676622236e-03 0.000000000000000000e+00
9.228905745493855006e-01 -6.725336907431898013e-03 0.000000000000000000e+00
9.226403219313202841e-01 -6.575237482337082003e-03 0.000000000000000000e+00
9.223899162212245706e-01 -6.425393319119909047e-03 0.000000000000000000e+00
9.221393572837287556e-01 -6.275805145508155623e-03 0.000000000000000000e+00
9.218886449834637897e-01 -6.126473689229556575e-03 0.000000000000000000e+00
9.216377791850597356e-01 -5.977399678011853686e-03 0.000000000000000000e+00
9.213867597531477660e-01 -5.828583839582800880e-03 0.000000000000000000e+00
9.211355865523580544e-01 -5.680026901670122592e-03 0.000000000000000000e+00
9.208842594473217735e-01 -5.531729592001603107e-03 0.000000000000000000e+00
9.206327783026690970e-01 -5.383692638304972064e-03 0.000000000000000000e+00
9.203811429830306423e-01 -5.235916768307976449e-03 0.000000000000000000e+00
9.201293533530372493e-01 -5.088402709738363248e-03 0.000000000000000000e+00
9.198774092773194244e-01 -4.941151190323863837e-03 0.000000000000000000e+00
9.196253106203956529e-01 -4.794162938306986178e-03 0.000000000000000000e+00
9.193730572150942137e-01 -4.647438827789244532e-03 0.000000000000000000e+00
9.191206488191424606e-01 -4.500980078517063422e-03 0.000000000000000000e+00
9.188680851793897819e-01 -4.354787960307162503e-03 0.000000000000000000e+00
9.186153660426852330e-01 -4.208863742976240614e-03 0.000000000000000000e+00
9.183624911558776471e-01 -4.063208696341043431e-03 0.000000000000000000e+00
9.181094602658168569e-01 -3.917824090218279334e-03 0.000000000000000000e+00
9.178562731193513624e-01 -3.772711194424659305e-03 0.000000000000000000e+00
9.176029294633306632e-01 -3.627871278776904733e-03 0.000000000000000000e+00
9.173494290446037036e-01 -3.483305613091712723e-03 0.000000000000000000e+00
9.170957716100195389e-01 -3.339015467185834155e-03 0.000000000000000000e+00
9.168419569064273356e-01 -3.195002110875968734e-03 0.000000000000000000e+00
9.165879846806764819e-01 -3.051266813978835684e-03 0.000000000000000000e+00
9.163338546796158113e-01 -2.907810846311133408e-03 0.000000000000000000e+00
9.160795666500942680e-01 -2.764635477689611921e-03 0.000000000000000000e+00
9.158251203389615736e-01 -2.621741977930971794e-03 0.000000000000000000e+00
9.155705154930663392e-01 -2.479131616851931383e-03 0.000000000000000000e+00
9.153157518592577313e-01 -2.336805664269206006e-03 0.000000000000000000e+00
9.150608291843852493e-01 -2.194765389999497971e-03 0.000000000000000000e+00
9.148057472152975045e-01 -2.053012063859553822e-03 0.000000000000000000e+00
9.145505056988439962e-01 -1.911546955666077385e-03 0.000000000000000000e+00
9.142951043818735579e-01 -1.770371335235783328e-03 0.000000000000000000e+00
9.140395430112356889e-01 -1.629486472385389788e-03 0.000000000000000000e+00
9.137838213337792226e-01 -1.488893636931598206e-03 0.000000000000000000e+00
9.135279390963533253e-01 -1.348594098691156427e-03 0.000000000000000000e+00
9.132718960458073854e-01 -1.208589127480765675e-03 0.000000000000000000e+00
9.130156919289899031e-01 -1.068879993117143219e-03 0.000000000000000000e+00
9.127593264927504890e-01 -9.294679654170052464e-04 0.000000000000000000e+00
9.125027994839384204e-01 -7.903543141970543898e-04 0.000000000000000000e+00
9.122461106494021976e-01 -6.515403092740371929e-04 0.000000000000000000e+00
9.119892597359916531e-01 -5.130272204646566143e-04 0.000000000000000000e+00
9.117322464905553980e-01 -3.748163175856278643e-04 0.000000000000000000e+00
9.114750706599428209e-01 -2.369088704536691887e-04 0.000000000000000000e+00
9.112177319910027551e-01 -9.930614888548220450e-05 0.000000000000000000e+00
9.109602302305845889e-01 3.799057730218588069e-05 0.000000000000000000e+00
9.107025651255373777e-01 1.749800382926335312e-04 0.000000000000000000e+00
9.104447364227101769e-01 3.116609642691437615e-04 0.000000000000000000e+00
9.101867438689522638e-01 4.480320854149998436e-04 0.000000000000000000e+00
9.099285872111128048e-01 5.840921319134994693e-04 0.000000000000000000e+00
9.096702661960405223e-01 7.198398339478955530e-04 0.000000000000000000e+00
9.094117805705849156e-01 8.552739217014869791e-04 0.000000000000000000e+00
9.091531300815950400e-01 9.903931253575555017e-04 0.000000000000000000e+00
9.088943144759200621e-01 1.125196175099385694e-03 0.000000000000000000e+00
9.086353335004087040e-01 1.259681801110273947e-03 0.000000000000000000e+00
9.083761869019105761e-01 1.393848733573474366e-03 0.000000000000000000e+00
9.081168744272745119e-01 1.527695702672285296e-03 0.000000000000000000e+00
9.078573958233497887e-01 1.661221438589989031e-03 0.000000000000000000e+00
9.075977508369855729e-01 1.794424671509869387e-03 0.000000000000000000e+00
9.073379392150308087e-01 1.927304131615222970e-03 0.000000000000000000e+00
9.070779607043347736e-01 2.059858549089304755e-03 0.000000000000000000e+00
9.068178150517463010e-01 2.192086654115411350e-03 0.000000000000000000e+00
9.065575020041150012e-01 2.323987176876826568e-03 0.000000000000000000e+00
9.062970212852030638e-01 2.455558735472628592e-03 0.000000000000000000e+00
9.060363724594496793e-01 2.586799174491513989e-03 0.000000000000000000e+00
9.057755550240790265e-01 2.717706012193809618e-03 0.000000000000000000e+00
9.055145684760771418e-01 2.848276765689842106e-03 0.000000000000000000e+00
9.052534123124312826e-01 2.978508952089923330e-03 0.000000000000000000e+00
9.049920860301284842e-01 3.108400088504366474e-03 0.000000000000000000e+00
9.047305891261551158e-01 3.237947692043498596e-03 0.000000000000000000e+00
9.044689210974982130e-01 3.367149279817602519e-03 0.000000000000000000e+00
9.042070814411449220e-01 3.496002368937004869e-03 0.000000000000000000e+00
9.039450696540816121e-01 3.624504476512018826e-03 0.000000000000000000e+00
9.036828852332953188e-01 3.752653119652955838e-03 0.000000000000000000e+00
9.034205276757729663e-01 3.880445815470143830e-03 0.000000000000000000e+00
9.031579964785013681e-01 4.007880081073865626e-03 0.000000000000000000e+00
9.028952911384670044e-01 4.134953433574447418e-03 0.000000000000000000e+00
9.026324111526572436e-01 4.261663390082203254e-03 0.000000000000000000e+00
9.023693560180585660e-01 4.388007467707445014e-03 0.000000000000000000e+00
9.021061252316580070e-01 4.513983183560497589e-03 0.000000000000000000e+00
9.018427182904422690e-01 4.639588054751645103e-03 0.000000000000000000e+00
9.015791346913981652e-01 4.764819598391217652e-03 0.000000000000000000e+00
9.013153739315126201e-01 4.889675331589523645e-03 0.000000000000000000e+00
9.010514355077726689e-01 5.014152771456876698e-03 0.000000000000000000e+00
9.007873189171644590e-01 5.138249435103603435e-03 0.000000000000000000e+00
9.005230236566758029e-01 5.261962839639989717e-03 0.000000000000000000e+00
9.002585492232928477e-01 5.385290502176359566e-03 0.000000000000000000e+00
8.999938951140028509e-01 5.508229939823025730e-03 0.000000000000000000e+00
8.997290608257919597e-01 5.630778669690315701e-03 0.000000000000000000e+00
8.994640458556479867e-01 5.752934208888512736e-03 0.000000000000000000e+00
8.991988497005568570e-01 5.874694074527944329e-03 0.000000000000000000e+00
8.989334718575057170e-01 5.996055783718920625e-03 0.000000000000000000e+00
8.986679118234817132e-01 6.117016853571756972e-03 0.000000000000000000e+00
8.984021690954715478e-01 6.237574801196779130e-03 0.000000000000000000e+00
8.981362431704618121e-01 6.357727143704267753e-03 0.000000000000000000e+00
8.978701335454396526e-01 6.477471398204554670e-03 0.000000000000000000e+00
8.976038397173916605e-01 6.596805081807948293e-03 0.000000000000000000e+00
8.973373611833047603e-01 6.715725711624764838e-03 0.000000000000000000e+00
8.970706974401655431e-01 6.834230804765325726e-03 0.000000000000000000e+00
8.968038479849614886e-01 6.952317878339918551e-03 0.000000000000000000e+00
8.965368123146787438e-01 7.069984449458868205e-03 0.000000000000000000e+00
8.962695899263046773e-01 7.187228035232490035e-03 0.000000000000000000e+00
8.960021803168258803e-01 7.304046152771092454e-03 0.000000000000000000e+00
8.957345829832288331e-01 7.420436319185002953e-03 0.000000000000000000e+00
8.954667974225011262e-01 7.536396051584507393e-03 0.000000000000000000e+00
8.951988231316291289e-01 7.651922867079933265e-03 0.000000000000000000e+00
8.949306596075996545e-01 7.767014282781588112e-03 0.000000000000000000e+00
8.946623063473996273e-01 7.881667815799790755e-03 0.000000000000000000e+00
8.943937628480158608e-01 7.995880983244859144e-03 0.000000000000000000e+00
8.941250286064353903e-01 8.109651302227086078e-03 0.000000000000000000e+00
8.938561031196449180e-01 8.222976289856791243e-03 0.000000000000000000e+00
8.935869858624119200e-01 8.335853130987122897e-03 0.000000000000000000e+00
8.933176761913165231e-01 8.448277243153086771e-03 0.000000000000000000e+00
8.930481734237974978e-01 8.560243458582353013e-03 0.000000000000000000e+00
8.927784768772683011e-01 8.671746609124659708e-03 0.000000000000000000e+00
8.925085858691418350e-01 8.782781526629769228e-03 0.000000000000000000e+00
8.922384997168315568e-01 8.893343042947442212e-03 0.000000000000000000e+00
8.919682177377507015e-01 9.003425989927434092e-03 0.000000000000000000e+00
8.916977392493126153e-01 9.113025199419515915e-03 0.000000000000000000e+00
8.914270635689304223e-01 9.222135503273415358e-03 0.000000000000000000e+00
8.911561900140176906e-01 9.330751733338905202e-03 0.000000000000000000e+00
8.908851179019874333e-01 9.438868721465737410e-03 0.000000000000000000e+00
8.906138465502529966e-01 9.546481299503672621e-03 0.000000000000000000e+00
8.903423752762273935e-01 9.653584299302476676e-03 0.000000000000000000e+00
8.900707033973246363e-01 9.760172552711884192e-03 0.000000000000000000e+00
8.897988302309574049e-01 9.866240891581661010e-03 0.000000000000000000e+00
8.895267550945391566e-01 9.971784147761566033e-03 0.000000000000000000e+00
8.892544773054830154e-01 1.007679715310135643e-02 0.000000000000000000e+00
8.889819961812025495e-01 1.018127473945079804e-02 0.000000000000000000e+00
8.887093110391105499e-01 1.028521173865962549e-02 0.000000000000000000e+00
8.884364211966209179e-01 1.038860298257760460e-02 0.000000000000000000e+00
8.881633259711464445e-01 1.049144330305449603e-02 0.000000000000000000e+00
8.878900246801006979e-01 1.059372753194005000e-02 0.000000000000000000e+00
8.876165166408968021e-01 1.069545050108404102e-02 0.000000000000000000e+00
8.873428011709479923e-01 1.079660704233619851e-02 0.000000000000000000e+00
8.870688775876676146e-01 1.089719198754629352e-02 0.000000000000000000e+00
8.867947452084693483e-01 1.099720016856408147e-02 0.000000000000000000e+00
8.865204033507657622e-01 1.109662641723931607e-02 0.000000000000000000e+00
8.862458513319704245e-01 1.119546556542176836e-02 0.000000000000000000e+00
8.859710884694967925e-01 1.129371244496116949e-02 0.000000000000000000e+00
8.856961140807578792e-01 1.139136188770729051e-02 0.000000000000000000e+00
8.854209274831672527e-01 1.148840872550988858e-02 0.000000000000000000e+00
8.851455279941379262e-01 1.158484779021871219e-02 0.000000000000000000e+00
8.848699149310830236e-01 1.168067391368353761e-02 0.000000000000000000e+00
8.845940876114163354e-01 1.177588192775409597e-02 0.000000000000000000e+00
8.843180453525508744e-01 1.187046666428015658e-02 0.000000000000000000e+00
8.840417874718998759e-01 1.196442295511147488e-02 0.000000000000000000e+00
8.837653132868766859e-01 1.205774563209781498e-02 0.000000000000000000e+00
8.834886221148944285e-01 1.215042952708891497e-02 0.000000000000000000e+00
8.832117132733666720e-01 1.224246947193454241e-02 0.000000000000000000e+00
8.829345860797066514e-01 1.233386029848445448e-02 0.000000000000000000e+00
8.826572398513273798e-01 1.242459683858840487e-02 0.000000000000000000e+00
8.823796739056422034e-01 1.251467392409616117e-02 0.000000000000000000e+00
8.821018875600692422e-01 1.260408638679172064e-02 0.000000000000000000e+00
8.818238801992079878e-01 1.269282809347779470e-02 0.000000000000000000e+00
8.815456514442244762e-01 1.278088951301697973e-02 0.000000000000000000e+00
8.812672009683257812e-01 1.286826036674831170e-02 0.000000000000000000e+00
8.809885284447201981e-01 1.295493037601083523e-02 0.000000000000000000e+00
8.807096335466156889e-01 1.304088926214357416e-02 0.000000000000000000e+00
8.804305159472202158e-01 1.312612674648557312e-02 0.000000000000000000e+00
8.801511753197415189e-01 1.321063255037587848e-02 0.000000000000000000e+00
8.798716113373875602e-01 1.329439639515351754e-02 0.000000000000000000e+00
8.795918236733663020e-01 1.337740800215754013e-02 0.000000000000000000e+00
8.793118120008855954e-01 1.345965709272697007e-02 0.000000000000000000e+00
8.790315759931536244e-01 1.354113338820085201e-02 0.000000000000000000e+00
8.787511153233780181e-01 1.362182660991822711e-02 0.000000000000000000e+00
8.784704296647666277e-01 1.370172647921813133e-02 0.000000000000000000e+00
8.781895186905274153e-01 1.378082271743960585e-02 0.000000000000000000e+00
8.779083820738686761e-01 1.385910504592168316e-02 0.000000000000000000e+00
8.776270194879979281e-01 1.393656318600340269e-02 0.000000000000000000e+00
8.773454306061231334e-01 1.401318685902380387e-02 0.000000000000000000e+00
8.770636151014528092e-01 1.408896578632192788e-02 0.000000000000000000e+00
8.767815726471938076e-01 1.416388968923681761e-02 0.000000000000000000e+00
8.764993029260702562e-01 1.423794802482965770e-02 0.000000000000000000e+00
8.762168057072646787e-01 1.431112784883361438e-02 0.000000000000000000e+00
8.759340808060704919e-01 1.438341493633435268e-02 0.000000000000000000e+00
8.756511280382113238e-01 1.445479505044041518e-02 0.000000000000000000e+00
8.753679472194112465e-01 1.452525395426035142e-02 0.000000000000000000e+00
8.750845381653945543e-01 1.459477741090268836e-02 0.000000000000000000e+00
8.748009006918853192e-01 1.466335118347597902e-02 0.000000000000000000e+00
8.745170346146072804e-01 1.473096103508876251e-02 0.000000000000000000e+00
8.742329397492852872e-01 1.479759272884959183e-02 0.000000000000000000e+00
8.739486159116425235e-01 1.486323202786700610e-02 0.000000000000000000e+00
8.736640629174036166e-01 1.492786469524954099e-02 0.000000000000000000e+00
8.733792805822925276e-01 1.499147649410574254e-02 0.000000000000000000e+00
8.730942687220331067e-01 1.505405318754415682e-02 0.000000000000000000e+00
8.728090271523498700e-01 1.511558053867332815e-02 0.000000000000000000e+00
8.725235556889664457e-01 1.517604431060180087e-02 0.000000000000000000e+00
8.722378541476071279e-01 1.523543026643811062e-02 0.000000000000000000e+00
8.719519223439959887e-01 1.529372416929080346e-02 0.000000000000000000e+00
8.716657600938657602e-01 1.535091178224070978e-02 0.000000000000000000e+00
8.713793677542682747e-01 1.540697712881778161e-02 0.000000000000000000e+00
8.710927476863035146e-01 1.546189779246526230e-02 0.000000000000000000e+00
8.708059027147351250e-01 1.551564986662188651e-02 0.000000000000000000e+00
8.705188356643284164e-01 1.556820944472642881e-02 0.000000000000000000e+00
8.702315493598465901e-01 1.561955262021763602e-02 0.000000000000000000e+00
8.699440466260545124e-01 1.566965548653427923e-02 0.000000000000000000e+00
8.696563302877163837e-01 1.571849413711511392e-02 0.000000000000000000e+00
8.693684031695965153e-01 1.576604466539889560e-02 0.000000000000000000e+00
8.690802680964586635e-01 1.581228316482437626e-02 0.000000000000000000e+00
8.687919278930678058e-01 1.585718572883032529e-02 0.000000000000000000e+00
8.685033853841878093e-01 1.590072845085549816e-02 0.000000000000000000e+00
8.682146433945830966e-01 1.594288742433865383e-02 0.000000000000000000e+00
8.679257047490178678e-01 1.598363874271854779e-02 0.000000000000000000e+00
8.676365722722564344e-01 1.602295849943394246e-02 0.000000000000000000e+00
8.673472487890629967e-01 1.606082278792359333e-02 0.000000000000000000e+00
8.670577371242018661e-01 1.609720770162625936e-02 0.000000000000000000e+00
8.667680404617330581e-01 1.613208815090785841e-02 0.000000000000000000e+00
8.664781637528556901e-01 1.616543322738004870e-02 0.000000000000000000e+00
8.661881124911460228e-01 1.619721023673734508e-02 0.000000000000000000e+00
8.658978921703255338e-01 1.622738648419924309e-02 0.000000000000000000e+00
8.656075082841151458e-01 1.625592927498524173e-02 0.000000000000000000e+00
8.653169663262354483e-01 1.628280591431481572e-02 0.000000000000000000e+00
8.650262717904075860e-01 1.630798370740746059e-02 0.000000000000000000e+00
8.647354301703530366e-01 1.633142995948267187e-02 0.000000000000000000e+00
8.644444469597920566e-01 1.635311197575993816e-02 0.000000000000000000e+00
8.641533276524462348e-01 1.637299706145875153e-02 0.000000000000000000e+00
8.638620777420362717e-01 1.639105252179859362e-02 0.000000000000000000e+00
8.635707027222829790e-01 1.640724566199896345e-02 0.000000000000000000e+00
8.632792080869077234e-01 1.642154378727935307e-02 0.000000000000000000e+00
8.629875993296314274e-01 1.643391420285924762e-02 0.000000000000000000e+00
8.626958823331491999e-01 1.644432358572013239e-02 0.000000000000000000e+00
8.624040722942307724e-01 1.645272356954982293e-02 0.000000000000000000e+00
8.621121939326753525e-01 1.645905040725504503e-02 0.000000000000000000e+00
8.618202723990544545e-01 1.646323965599658101e-02 0.000000000000000000e+00
8.615283328439392596e-01 1.646522687293523052e-02 0.000000000000000000e+00
8.612364004179016153e-01 1.646494761523179320e-02 0.000000000000000000e+00
8.609445002715120365e-01 1.646233744004705138e-02 0.000000000000000000e+00
8.606526575553425928e-01 1.645733190454181163e-02 0.000000000000000000e+00
8.603608974199642434e-01 1.644986656587687016e-02 0.000000000000000000e+00
8.600692450159487246e-01 1.643987698121301272e-02 0.000000000000000000e+00
8.597777254938671065e-01 1.642729870771103204e-02 0.000000000000000000e+00
8.594863640042907926e-01 1.641206730253173471e-02 0.000000000000000000e+00
8.591951856977910751e-01 1.639411832283590997e-02 0.000000000000000000e+00
8.589042157249395792e-01 1.637338732578435402e-02 0.000000000000000000e+00
8.586134792363072643e-01 1.634980986853786303e-02 0.000000000000000000e+00
8.583230013824657556e-01 1.632332150825721931e-02 0.000000000000000000e+00
8.580328073139864564e-01 1.629385780210323639e-02 0.000000000000000000e+00
8.577429221814406590e-01 1.626135430723670006e-02 0.000000000000000000e+00
8.574533711353996557e-01 1.622574658081840301e-02 0.000000000000000000e+00
8.571641793264347386e-01 1.618697018000914839e-02 0.000000000000000000e+00
8.568753730191733808e-01 1.614495983915136337e-02 0.000000000000000000e+00
8.565870073514019190e-01 1.609962896747651334e-02 0.000000000000000000e+00
8.562991682640020974e-01 1.605086822369471838e-02 0.000000000000000000e+00
8.560119431984052341e-01 1.599856715824151537e-02 0.000000000000000000e+00
8.557254195960426468e-01 1.594261532155243077e-02 0.000000000000000000e+00
8.554396848983459867e-01 1.588290226406298411e-02 0.000000000000000000e+00
8.551548265467465715e-01 1.581931753620871919e-02 0.000000000000000000e+00
8.548709319826756081e-01 1.575175068842515208e-02 0.000000000000000000e+00
8.545880886475649696e-01 1.568009127114781964e-02 0.000000000000000000e+00
8.543063839828455297e-01 1.560422883481224834e-02 0.000000000000000000e+00
8.540259054299489394e-01 1.552405292985395077e-02 0.000000000000000000e+00
8.537467404303065166e-01 1.543945310670847768e-02 0.000000000000000000e+00
8.534689764253500233e-01 1.535031891581135205e-02 0.000000000000000000e+00
8.531927008565102222e-01 1.525653990759809689e-02 0.000000000000000000e+00
8.529180013247676939e-01 1.515800566842673454e-02 0.000000000000000000e+00
8.526449943491565264e-01 1.505461229557864683e-02 0.000000000000000000e+00
8.523738587111787668e-01 1.494626990477979263e-02 0.000000000000000000e+00
8.521047812777287067e-01 1.483289043218903071e-02 0.000000000000000000e+00
8.518379489157015261e-01 1.471438581396524239e-02 0.000000000000000000e+00
8.515735484919922937e-01 1.459066798626730728e-02 0.000000000000000000e+00
8.513117668734956345e-01 1.446164888525408761e-02 0.000000000000000000e+00
8.510527909271069502e-01 1.432724044708448725e-02 0.000000000000000000e+00
8.507968075197208657e-01 1.418735460791737367e-02 0.000000000000000000e+00
8.505440035182325609e-01 1.404190330391163165e-02 0.000000000000000000e+00
8.502945657895368825e-01 1.389079847122613211e-02 0.000000000000000000e+00
8.500486812005286774e-01 1.373395204601973382e-02 0.000000000000000000e+00
8.498065366456801772e-01 1.357127604866252731e-02 0.000000000000000000e+00
8.495683305008320252e-01 1.340271755996113277e-02 0.000000000000000000e+00
8.493342903166328783e-01 1.322831275127418944e-02 0.000000000000000000e+00
8.491046482090824910e-01 1.304811173508685189e-02 0.000000000000000000e+00
8.488796362941815055e-01 1.286216462388425387e-02 0.000000000000000000e+00
8.486594866879297872e-01 1.267052153015159333e-02 0.000000000000000000e+00
8.484444315063273123e-01 1.247323256637400402e-02 0.000000000000000000e+00
8.482347028653746124e-01 1.227034784503664398e-02 0.000000000000000000e+00
8.480305328810709975e-01 1.206191747862463484e-02 0.000000000000000000e+00
8.478321536694173322e-01 1.184799157962318841e-02 0.000000000000000000e+00
8.476397973464133706e-01 1.162862026051743325e-02 0.000000000000000000e+00
8.474536953984211918e-01 1.140385804489892074e-02 0.000000000000000000e+00
8.472740696312958120e-01 1.117382727584463609e-02 0.000000000000000000e+00
8.471011342639603869e-01 1.093870344880762055e-02 0.000000000000000000e+00
8.469351033122231032e-01 1.069866348221074764e-02 0.000000000000000000e+00
8.467761907918924802e-01 1.045388429447680935e-02 0.000000000000000000e+00
8.466246259114760253e-01 1.020453555700092697e-02 0.000000000000000000e+00
8.464807985232680743e-01 9.950710312921768122e-03 0.000000000000000000e+00
8.463451950087416131e-01 9.692455560257374342e-03 0.000000000000000000e+00
8.462183030668599670e-01 9.429817668572919309e-03 0.000000000000000000e+00
8.461006103446720994e-01 9.162843109676207728e-03 0.000000000000000000e+00
8.459925630458509094e-01 8.891659973731211655e-03 0.000000000000000000e+00
8.458944914055371855e-01 8.616624738702735944e-03 0.000000000000000000e+00
8.458067055291467184e-01 8.338133525924601788e-03 0.000000000000000000e+00
8.457295155220957428e-01 8.056582456730734462e-03 0.000000000000000000e+00
8.456632314898001601e-01 7.772367652454957761e-03 0.000000000000000000e+00
8.456081635376767602e-01 7.485885234431137979e-03 0.000000000000000000e+00
8.455646217711410007e-01 7.197531323993130135e-03 0.000000000000000000e+00
8.455329162956094491e-01 6.907702042474762362e-03 0.000000000000000000e+00
8.455133572164976741e-01 6.616793511209958199e-03 0.000000000000000000e+00
8.455062536988308119e-01 6.325202447283293991e-03 0.000000000000000000e+00
8.455118032971107311e-01 6.033396274540948033e-03 0.000000000000000000e+00
8.455299879626836379e-01 5.741979004318212808e-03 0.000000000000000000e+00
8.455607650367467087e-01 5.451570238809422091e-03 0.000000000000000000e+00
8.456040918604967871e-01 5.162789580209009403e-03 0.000000000000000000e+00
8.456599257751316046e-01 4.876256630711311123e-03 0.000000000000000000e+00
