8.456599257751314935e-01 4.876256630711311123e-03 0.000000000000000000e+00
8.457229944572687286e-01 4.612409358803078868e-03 0.000000000000000000e+00
8.457966775076227739e-01 4.351413155627697517e-03 0.000000000000000000e+00
8.458808161093349653e-01 4.093640832180014087e-03 0.000000000000000000e+00
8.459752514455480821e-01 3.839465199454884271e-03 0.000000000000000000e+00
8.460798246994045702e-01 3.589259068447157690e-03 0.000000000000000000e+00
8.461943740610451403e-01 3.343396801300220402e-03 0.000000000000000000e+00
8.463187041918381892e-01 3.102270136728468245e-03 0.000000000000000000e+00
8.464525987075322000e-01 2.866281720517350248e-03 0.000000000000000000e+00
8.465958408985218009e-01 2.635834367070132630e-03 0.000000000000000000e+00
8.467482139704571864e-01 2.411330714060323614e-03 0.000000000000000000e+00
8.469094912971798506e-01 2.193152895410488672e-03 0.000000000000000000e+00
8.470794273806867558e-01 1.981643688741236298e-03 0.000000000000000000e+00
8.472577745855198739e-01 1.777141414117416884e-03 0.000000000000000000e+00
8.474442852762210654e-01 1.579984391603878437e-03 0.000000000000000000e+00
8.476387097192680242e-01 1.390522646891199834e-03 0.000000000000000000e+00
8.478407757610675333e-01 1.209231292849643254e-03 0.000000000000000000e+00
8.480501976670464792e-01 1.036661214027637546e-03 0.000000000000000000e+00
8.482666895128619933e-01 8.733643537465006880e-04 0.000000000000000000e+00
8.484899652427491112e-01 7.198923574979346554e-04 0.000000000000000000e+00
8.487194290032448185e-01 5.760948063687166762e-04 0.000000000000000000e+00
8.489535121393512185e-01 4.396167159090142405e-04 0.000000000000000000e+00
8.491904555481607497e-01 3.076715080842732514e-04 0.000000000000000000e+00
8.494285155566524415e-01 1.774970469329998431e-04 0.000000000000000000e+00
8.496666485019722659e-01 4.744006398486948591e-05 0.000000000000000000e+00
8.499047826694656749e-01 -8.261307193835386396e-05 0.000000000000000000e+00
8.501429180051860435e-01 -2.126624761900739629e-04 0.000000000000000000e+00
8.503810544551883011e-01 -3.427082641236964375e-04 0.000000000000000000e+00
8.506191919655264888e-01 -4.727505510926241971e-04 0.000000000000000000e+00
8.508573304822553141e-01 -6.027894524502629700e-04 0.000000000000000000e+00
8.510954699514289290e-01 -7.328250835500162890e-04 0.000000000000000000e+00
8.513336103191014859e-01 -8.628575597452900177e-04 0.000000000000000000e+00
8.515717515313274699e-01 -9.928869963894873096e-04 0.000000000000000000e+00
8.518098935341614775e-01 -1.122913508836012944e-03 0.000000000000000000e+00
8.520480362736576607e-01 -1.252937212438273110e-03 0.000000000000000000e+00
8.522861796958702829e-01 -1.382958222549668902e-03 0.000000000000000000e+00
8.525243237468540514e-01 -1.512976654523607483e-03 0.000000000000000000e+00
8.527624683726626742e-01 -1.642992623713492115e-03 0.000000000000000000e+00
8.530006135193513028e-01 -1.773006245472728880e-03 0.000000000000000000e+00
8.532387591329735343e-01 -1.903017635154720605e-03 0.000000000000000000e+00
8.534769051595842981e-01 -2.033026908112872070e-03 0.000000000000000000e+00
8.537150515452376354e-01 -2.163034179700587620e-03 0.000000000000000000e+00
8.539531982359880313e-01 -2.293039565271273554e-03 0.000000000000000000e+00
8.541913451778895272e-01 -2.423043180178332048e-03 0.000000000000000000e+00
8.544294923169968303e-01 -2.553045139775168317e-03 0.000000000000000000e+00
8.546676395993645370e-01 -2.683045559415187138e-03 0.000000000000000000e+00
8.549057869710464663e-01 -2.813044554451794160e-03 0.000000000000000000e+00
8.551439343780969926e-01 -2.943042240238390693e-03 0.000000000000000000e+00
8.553820817665706011e-01 -3.073038732128384118e-03 0.000000000000000000e+00
8.556202290825219992e-01 -3.203034145475178781e-03 0.000000000000000000e+00
8.558583762720050059e-01 -3.333028595632178161e-03 0.000000000000000000e+00
8.560965232810743286e-01 -3.463022197952785302e-03 0.000000000000000000e+00
8.563346700557841196e-01 -3.593015067790407153e-03 0.000000000000000000e+00
8.565728165421885310e-01 -3.723007320498447192e-03 0.000000000000000000e+00
8.568109626863427142e-01 -3.852999071430312367e-03 0.000000000000000000e+00
8.570491084342999333e-01 -3.982990435939402253e-03 0.000000000000000000e+00
8.572872537321153397e-01 -4.112981529379124666e-03 0.000000000000000000e+00
8.575253985258430856e-01 -4.242972467102883519e-03 0.000000000000000000e+00
8.577635427615373231e-01 -4.372963364464083590e-03 0.000000000000000000e+00
8.580016863852526487e-01 -4.502954336816128791e-03 0.000000000000000000e+00
8.582398293430435476e-01 -4.632945499512424771e-03 0.000000000000000000e+00
8.584779715809638390e-01 -4.762936967906374573e-03 0.000000000000000000e+00
8.587161130450680080e-01 -4.892928857351381243e-03 0.000000000000000000e+00
8.589542536814109841e-01 -5.022921283200853029e-03 0.000000000000000000e+00
8.591923934360464754e-01 -5.152914360808192110e-03 0.000000000000000000e+00
8.594305322550290782e-01 -5.282908205526805866e-03 0.000000000000000000e+00
8.596686700844136109e-01 -5.412902932710093006e-03 0.000000000000000000e+00
8.599068068702534484e-01 -5.542898657711463513e-03 0.000000000000000000e+00
8.601449425586034092e-01 -5.672895495884320433e-03 0.000000000000000000e+00
8.603830770955180895e-01 -5.802893562582065075e-03 0.000000000000000000e+00
8.606212104270514196e-01 -5.932892973158106556e-03 0.000000000000000000e+00
8.608593424992581067e-01 -6.062893842965843584e-03 0.000000000000000000e+00
8.610974732581926361e-01 -6.192896287358688745e-03 0.000000000000000000e+00
8.613356026499086049e-01 -6.322900421690042481e-03 0.000000000000000000e+00
8.615737306204611645e-01 -6.452906361313306104e-03 0.000000000000000000e+00
8.618118571159041341e-01 -6.582914221581887861e-03 0.000000000000000000e+00
8.620499820822922210e-01 -6.712924117849190797e-03 0.000000000000000000e+00
8.622881054656795774e-01 -6.842936165468619693e-03 0.000000000000000000e+00
8.625262272121204665e-01 -6.972950479793581929e-03 0.000000000000000000e+00
8.627643472676699288e-01 -7.102967176177477082e-03 0.000000000000000000e+00
8.630024655783814502e-01 -7.232986369973714268e-03 0.000000000000000000e+00
8.632405820903095162e-01 -7.363008176535692194e-03 0.000000000000000000e+00
8.634786967495088339e-01 -7.493032711216819977e-03 0.000000000000000000e+00
8.637168095020335556e-01 -7.623060089370503264e-03 0.000000000000000000e+00
8.639549202939382777e-01 -7.753090426350142499e-03 0.000000000000000000e+00
8.641930290712769303e-01 -7.883123837509140724e-03 0.000000000000000000e+00
8.644311357801042206e-01 -8.013160438200911395e-03 0.000000000000000000e+00
8.646692403664741899e-01 -8.143200343778850617e-03 0.000000000000000000e+00
8.649073427764415456e-01 -8.273243669596365771e-03 0.000000000000000000e+00
8.651454429560603288e-01 -8.403290531006860770e-03 0.000000000000000000e+00
8.653835408513851357e-01 -8.533341043363739525e-03 0.000000000000000000e+00
8.656216364084701187e-01 -8.663395322020407685e-03 0.000000000000000000e+00
8.658597295733696519e-01 -8.793453482330270896e-03 0.000000000000000000e+00
8.660978202921381097e-01 -8.923515639646729600e-03 0.000000000000000000e+00
8.663359085108301993e-01 -9.053581909323192914e-03 0.000000000000000000e+00
8.665739941754998510e-01 -9.183652406713063016e-03 0.000000000000000000e+00
8.668120772322014389e-01 -9.313727247169745552e-03 0.000000000000000000e+00
8.670501576269894484e-01 -9.443806546046642700e-03 0.000000000000000000e+00
8.672882353059179206e-01 -9.573890418697160107e-03 0.000000000000000000e+00
8.675263102150418959e-01 -9.703978980474703420e-03 0.000000000000000000e+00
8.677643823004150825e-01 -9.834072346732678285e-03 0.000000000000000000e+00
8.680024515080919656e-01 -9.964170632824483412e-03 0.000000000000000000e+00
8.682405177841270305e-01 -1.009427395410352792e-02 0.000000000000000000e+00
8.684785810745747625e-01 -1.022438242592321744e-02 0.000000000000000000e+00
8.687166413254890918e-01 -1.035449616363695244e-02 0.000000000000000000e+00
8.689546984829247256e-01 -1.048461528259814202e-02 0.000000000000000000e+00
8.691927524929358162e-01 -1.061473989816018142e-02 0.000000000000000000e+00
8.694308033015769599e-01 -1.074487012567648843e-02 0.000000000000000000e+00
8.696688508549024199e-01 -1.087500608050046176e-02 0.000000000000000000e+00
8.699068950989663485e-01 -1.100514787798549839e-02 0.000000000000000000e+00
8.701449359798232308e-01 -1.113529563348501783e-02 0.000000000000000000e+00
8.703829734435273302e-01 -1.126544946235241013e-02 0.000000000000000000e+00
8.706210074361331319e-01 -1.139560947994108786e-02 0.000000000000000000e+00
8.708590379036947882e-01 -1.152577580160445321e-02 0.000000000000000000e+00
8.710970647922672283e-01 -1.165594854269591009e-02 0.000000000000000000e+00
8.713350880479041605e-01 -1.178612781856886588e-02 0.000000000000000000e+00
8.715731076166600699e-01 -1.191631374457672275e-02 0.000000000000000000e+00
8.718111234445894420e-01 -1.204650643607288463e-02 0.000000000000000000e+00
8.720491354777466508e-01 -1.217670600841075541e-02 0.000000000000000000e+00
8.722871436621859598e-01 -1.230691257694374423e-02 0.000000000000000000e+00
8.725251479439616320e-01 -1.243712625702524978e-02 0.000000000000000000e+00
8.727631482691282638e-01 -1.256734716400868118e-02 0.000000000000000000e+00
8.730011445837400075e-01 -1.269757541324743888e-02 0.000000000000000000e+00
8.732391368338513482e-01 -1.282781112009493373e-02 0.000000000000000000e+00
8.734771249655164382e-01 -1.295805439990456269e-02 0.000000000000000000e+00
8.737151089247898739e-01 -1.308830536802973489e-02 0.000000000000000000e+00
8.739530886577256963e-01 -1.321856413982384730e-02 0.000000000000000000e+00
8.741910641103786128e-01 -1.334883083064031598e-02 0.000000000000000000e+00
8.744290352288028867e-01 -1.347910555583253789e-02 0.000000000000000000e+00
8.746670019590527811e-01 -1.360938843075392216e-02 0.000000000000000000e+00
8.749049642471824484e-01 -1.373967957075787269e-02 0.000000000000000000e+00
8.751429220392468178e-01 -1.386997909119778646e-02 0.000000000000000000e+00
8.753808752812998195e-01 -1.400028710742707780e-02 0.000000000000000000e+00
8.756188239193956058e-01 -1.413060373479914540e-02 0.000000000000000000e+00
8.758567678995891059e-01 -1.426092908866739839e-02 0.000000000000000000e+00
8.760947071679340281e-01 -1.439126328438523200e-02 0.000000000000000000e+00
8.763326416704851907e-01 -1.452160643730605882e-02 0.000000000000000000e+00
8.765705713532969678e-01 -1.465195866278328103e-02 0.000000000000000000e+00
8.768084961624234008e-01 -1.478232007617030601e-02 0.000000000000000000e+00
8.770464160439189749e-01 -1.491269079282053246e-02 0.000000000000000000e+00
8.772843309437694526e-01 -1.504307092749445490e-02 0.000000000000000000e+00
8.775222408067758773e-01 -1.517346058475917657e-02 0.000000000000000000e+00
8.777601455767428673e-01 -1.530385986059885212e-02 0.000000000000000000e+00
8.779980451974439548e-01 -1.543426885072977928e-02 0.000000000000000000e+00
8.782359396126523388e-01 -1.556468765086825405e-02 0.000000000000000000e+00
8.784738287661416622e-01 -1.569511635673056724e-02 0.000000000000000000e+00
8.787117126016852353e-01 -1.582555506403302351e-02 0.000000000000000000e+00
8.789495910630564790e-01 -1.595600386849192059e-02 0.000000000000000000e+00
8.791874640940285923e-01 -1.608646286582354756e-02 0.000000000000000000e+00
8.794253316383752184e-01 -1.621693215174421082e-02 0.000000000000000000e+00
8.796631936398695562e-01 -1.634741182197019943e-02 0.000000000000000000e+00
8.799010500422854708e-01 -1.647790197221781633e-02 0.000000000000000000e+00
8.801389007893957173e-01 -1.660840269820335752e-02 0.000000000000000000e+00
8.803767458249738276e-01 -1.673891409564311206e-02 0.000000000000000000e+00
8.806145850927938890e-01 -1.686943626025338983e-02 0.000000000000000000e+00
8.808524185366285453e-01 -1.699996928775048335e-02 0.000000000000000000e+00
8.810902461002513286e-01 -1.713051327385068517e-02 0.000000000000000000e+00
8.813280677274357711e-01 -1.726106831427029822e-02 0.000000000000000000e+00
8.815658833619551826e-01 -1.739163450472561157e-02 0.000000000000000000e+00
8.818036929475829844e-01 -1.752221194093293161e-02 0.000000000000000000e+00
8.820414964280930414e-01 -1.765280071860855088e-02 0.000000000000000000e+00
8.822792937472581087e-01 -1.778340093346877232e-02 0.000000000000000000e+00
8.825170848488514963e-01 -1.791401268122987805e-02 0.000000000000000000e+00
8.827548696766474023e-01 -1.804463605760818143e-02 0.000000000000000000e+00
8.829926481744184708e-01 -1.817527115831997497e-02 0.000000000000000000e+00
8.832304202859382336e-01 -1.830591807908154775e-02 0.000000000000000000e+00
8.834681859549805560e-01 -1.843657691560920617e-02 0.000000000000000000e+00
8.837059451253183040e-01 -1.856724776361923929e-02 0.000000000000000000e+00
8.839436977407252316e-01 -1.869793071882795699e-02 0.000000000000000000e+00
8.841814437449746489e-01 -1.882862587695164486e-02 0.000000000000000000e+00
8.844191830818397548e-01 -1.895933333370660237e-02 0.000000000000000000e+00
8.846569156950940815e-01 -1.909005318480912899e-02 0.000000000000000000e+00
8.848946415285111611e-01 -1.922078552597551726e-02 0.000000000000000000e+00
8.851323605258641924e-01 -1.935153045292207358e-02 0.000000000000000000e+00
8.853700726309265967e-01 -1.948228806136508354e-02 0.000000000000000000e+00
8.856077777874720169e-01 -1.961305844702085008e-02 0.000000000000000000e+00
8.858454759392736522e-01 -1.974384170560567267e-02 0.000000000000000000e+00
8.860831670301049234e-01 -1.987463793283584385e-02 0.000000000000000000e+00
8.863208510037390297e-01 -2.000544722442766307e-02 0.000000000000000000e+00
8.865585278039498363e-01 -2.013626967609742288e-02 0.000000000000000000e+00
8.867961973745103199e-01 -2.026710538356143315e-02 0.000000000000000000e+00
8.870338596591940128e-01 -2.039795444253597254e-02 0.000000000000000000e+00
8.872715146017745580e-01 -2.052881694873735785e-02 0.000000000000000000e+00
8.875091621460250435e-01 -2.065969299788186775e-02 0.000000000000000000e+00
8.877468022357188904e-01 -2.079058268568581211e-02 0.000000000000000000e+00
8.879844348146298527e-01 -2.092148610786547305e-02 0.000000000000000000e+00
8.882220598265306855e-01 -2.105240336013716740e-02 0.000000000000000000e+00
8.884596772151953648e-01 -2.118333453821718421e-02 0.000000000000000000e+00
8.886972869243972006e-01 -2.131427973782182295e-02 0.000000000000000000e+00
8.889348888979092811e-01 -2.144523905466736921e-02 0.000000000000000000e+00
8.891724830795053602e-01 -2.157621258447012941e-02 0.000000000000000000e+00
8.894100694129586371e-01 -2.170720042294639607e-02 0.000000000000000000e+00
8.896476478420424217e-01 -2.183820266581247907e-02 0.000000000000000000e+00
8.898852183105304681e-01 -2.196921940878465707e-02 0.000000000000000000e+00
8.901227807621957533e-01 -2.210025074757923993e-02 0.000000000000000000e+00
8.903603351408121425e-01 -2.223129677791251674e-02 0.000000000000000000e+00
8.905978813901523905e-01 -2.236235759550079041e-02 0.000000000000000000e+00
8.908354194539906956e-01 -2.249343329606036043e-02 0.000000000000000000e+00
8.910729492760998127e-01 -2.262452397530751239e-02 0.000000000000000000e+00
8.913104708002533849e-01 -2.275562972895855615e-02 0.000000000000000000e+00
8.915479839702248333e-01 -2.288675065272978079e-02 0.000000000000000000e+00
8.917854887297876898e-01 -2.301788684233748578e-02 0.000000000000000000e+00
8.920229850227149315e-01 -2.314903839349796710e-02 0.000000000000000000e+00
8.922604727927805346e-01 -2.328020540192753118e-02 0.000000000000000000e+00
8.924979519837573649e-01 -2.341138796334246014e-02 0.000000000000000000e+00
8.927354225394190657e-01 -2.354258617345905691e-02 0.000000000000000000e+00
8.929728844035390578e-01 -2.367380012799362096e-02 0.000000000000000000e+00
8.932103375198908735e-01 -2.380502992266245177e-02 0.000000000000000000e+00
8.934477818322474896e-01 -2.393627565318183492e-02 0.000000000000000000e+00
8.936852172843826603e-01 -2.406753741526808030e-02 0.000000000000000000e+00
8.939226438200696956e-01 -2.419881530463748043e-02 0.000000000000000000e+00
8.941600613830820166e-01 -2.433010941700633131e-02 0.000000000000000000e+00
8.943974699171928222e-01 -2.446141984809092201e-02 0.000000000000000000e+00
8.946348693661758666e-01 -2.459274669360756935e-02 0.000000000000000000e+00
8.948722596738042379e-01 -2.472409004927255544e-02 0.000000000000000000e+00
8.951096407838518010e-01 -2.485545001080218322e-02 0.000000000000000000e+00
8.953470126400911999e-01 -2.498682667391274523e-02 0.000000000000000000e+00
8.955843751862964108e-01 -2.511822013432053399e-02 0.000000000000000000e+00
8.958217283662408548e-01 -2.524963048774186633e-02 0.000000000000000000e+00
8.960590721236973977e-01 -2.538105782989302089e-02 0.000000000000000000e+00
8.962964064024400157e-01 -2.551250225649030756e-02 0.000000000000000000e+00
8.965337311462419079e-01 -2.564396386325000846e-02 0.000000000000000000e+00
8.967710462988763842e-01 -2.577544274588842999e-02 0.000000000000000000e+00
8.970083518041170878e-01 -2.590693900012186815e-02 0.000000000000000000e+00
8.972456476057369956e-01 -2.603845272166661895e-02 0.000000000000000000e+00
8.974829336475100838e-01 -2.616998400623898186e-02 0.000000000000000000e+00
8.977202098732092184e-01 -2.630153294955525287e-02 0.000000000000000000e+00
8.979574762266079313e-01 -2.643309964733172451e-02 0.000000000000000000e+00
8.981947326514798657e-01 -2.656468419528470321e-02 0.000000000000000000e+00
8.984319790915981097e-01 -2.669628668913047453e-02 0.000000000000000000e+00
8.986692154907364172e-01 -2.682790722458534838e-02 0.000000000000000000e+00
8.989064417926677653e-01 -2.695954589736561033e-02 0.000000000000000000e+00
8.991436579411661301e-01 -2.709120280318757026e-02 0.000000000000000000e+00
8.993808638800042665e-01 -2.722287803776750684e-02 0.000000000000000000e+00
8.996180595529558177e-01 -2.735457169682173340e-02 0.000000000000000000e+00
8.998552449037944267e-01 -2.748628387606653900e-02 0.000000000000000000e+00
9.000924198762932926e-01 -2.761801467121822659e-02 0.000000000000000000e+00
9.003295844142258364e-01 -2.774976417799308523e-02 0.000000000000000000e+00
9.005667384613651461e-01 -2.788153249210741438e-02 0.000000000000000000e+00
9.008038819614851977e-01 -2.801331970927752393e-02 0.000000000000000000e+00
9.010410148583591905e-01 -2.814512592521969253e-02 0.000000000000000000e+00
9.012781370957602123e-01 -2.827695123565022658e-02 0.000000000000000000e+00
9.015152486174621282e-01 -2.840879573628542556e-02 0.000000000000000000e+00
9.017523493672380264e-01 -2.854065952284158200e-02 0.000000000000000000e+00
9.019894392888613277e-01 -2.867254269103498496e-02 0.000000000000000000e+00
9.022265183261055643e-01 -2.880444533658194431e-02 0.000000000000000000e+00
9.024635864227441573e-01 -2.893636755519875953e-02 0.000000000000000000e+00
9.027006435225503056e-01 -2.906830944260171620e-02 0.000000000000000000e+00
9.029376895692974303e-01 -2.920027109450711381e-02 0.000000000000000000e+00
9.031747245067591745e-01 -2.933225260663125181e-02 0.000000000000000000e+00
9.034117482787089592e-01 -2.946425407469043661e-02 0.000000000000000000e+00
9.036487608289197615e-01 -2.959627559440095035e-02 0.000000000000000000e+00
9.038857621011651133e-01 -2.972831726147908554e-02 0.000000000000000000e+00
9.041227520392189909e-01 -2.986037917164117289e-02 0.000000000000000000e+00
9.043597305868538161e-01 -2.999246142060346676e-02 0.000000000000000000e+00
9.045966976878436761e-01 -3.012456410408229091e-02 0.000000000000000000e+00
9.048336532859619918e-01 -3.025668731779392745e-02 0.000000000000000000e+00
9.050705973249818515e-01 -3.038883115745468974e-02 0.000000000000000000e+00
9.053075297486767870e-01 -3.052099571878087031e-02 0.000000000000000000e+00
9.055444505008203304e-01 -3.065318109748875475e-02 0.000000000000000000e+00
9.057813595251857919e-01 -3.078538738929465640e-02 0.000000000000000000e+00
9.060182567655462593e-01 -3.091761468991485046e-02 0.000000000000000000e+00
9.062551421656754869e-01 -3.104986309506565373e-02 0.000000000000000000e+00
9.064920156693468956e-01 -3.118213270046336222e-02 0.000000000000000000e+00
9.067288772194748159e-01 -3.131442360336118835e-02 0.000000000000000000e+00
9.069657267488613339e-01 -3.144673591911219257e-02 0.000000000000000000e+00
9.072025641837205834e-01 -3.157906977485826217e-02 0.000000000000000000e+00
9.074393894501546765e-01 -3.171142529794291481e-02 0.000000000000000000e+00
9.076762024742656143e-01 -3.184380261570958492e-02 0.000000000000000000e+00
9.079130031821551761e-01 -3.197620185550177629e-02 0.000000000000000000e+00
9.081497914999259180e-01 -3.210862314466295109e-02 0.000000000000000000e+00
9.083865673536793972e-01 -3.224106661053657841e-02 0.000000000000000000e+00
9.086233306695176148e-01 -3.237353238046616899e-02 0.000000000000000000e+00
9.088600813735425721e-01 -3.250602058179515724e-02 0.000000000000000000e+00
9.090968193918562701e-01 -3.263853134186702615e-02 0.000000000000000000e+00
9.093335446505607100e-01 -3.277106478802527256e-02 0.000000000000000000e+00
9.095702570757578931e-01 -3.290362104761335865e-02 0.000000000000000000e+00
9.098069565935498204e-01 -3.303620024797475352e-02 0.000000000000000000e+00
9.100436431300383822e-01 -3.316880251645294014e-02 0.000000000000000000e+00
9.102803166113256905e-01 -3.330142798039140151e-02 0.000000000000000000e+00
9.105169769635136356e-01 -3.343407676713359977e-02 0.000000000000000000e+00
9.107536241127043297e-01 -3.356674900402301792e-02 0.000000000000000000e+00
9.109902579849995519e-01 -3.369944481840313893e-02 0.000000000000000000e+00
9.112268785065013033e-01 -3.383216433761741110e-02 0.000000000000000000e+00
9.114634856033119181e-01 -3.396490768900934515e-02 0.000000000000000000e+00
9.117000792015331756e-01 -3.409767499992239631e-02 0.000000000000000000e+00
9.119366592272666328e-01 -3.423046639770002675e-02 0.000000000000000000e+00
9.121732256066149569e-01 -3.436328200968575414e-02 0.000000000000000000e+00
9.124097782656797051e-01 -3.449612196322301982e-02 0.000000000000000000e+00
9.126463171305631006e-01 -3.462898638565529985e-02 0.000000000000000000e+00
9.128828421273667004e-01 -3.476187540432608414e-02 0.000000000000000000e+00
9.131193531821932829e-01 -3.489478914657884179e-02 0.000000000000000000e+00
9.133558502211441832e-01 -3.502772773975706272e-02 0.000000000000000000e+00
9.135923331703215133e-01 -3.516069131120419522e-02 0.000000000000000000e+00
9.138288019558273856e-01 -3.529367998826373615e-02 0.000000000000000000e+00
9.140652565037638011e-01 -3.542669389827915460e-02 0.000000000000000000e+00
9.143016967402325390e-01 -3.555973316859391276e-02 0.000000000000000000e+00
9.145381225913353784e-01 -3.569279792655151440e-02 0.000000000000000000e+00
9.147745339831752087e-01 -3.582588829949541476e-02 0.000000000000000000e+00
9.150109308418531429e-01 -3.595900441476908294e-02 0.000000000000000000e+00
9.152473130934715151e-01 -3.609214639971601579e-02 0.000000000000000000e+00
9.154836806641322156e-01 -3.622531438167968243e-02 0.000000000000000000e+00
9.157200334799372454e-01 -3.635850848800354501e-02 0.000000000000000000e+00
9.159563714669886059e-01 -3.649172884603110734e-02 0.000000000000000000e+00
9.161926945513884091e-01 -3.662497558310581075e-02 0.000000000000000000e+00
9.164290026592384342e-01 -3.675824882657115211e-02 0.000000000000000000e+00
9.166652957166409044e-01 -3.689154870377060053e-02 0.000000000000000000e+00
9.169015736496974878e-01 -3.702487534204763203e-02 0.000000000000000000e+00
9.171378363845104076e-01 -3.715822886874572267e-02 0.000000000000000000e+00
9.173740838471813319e-01 -3.729160941120834849e-02 0.000000000000000000e+00
9.176103159638129281e-01 -3.742501709677899246e-02 0.000000000000000000e+00
9.178465326605064201e-01 -3.755845205280111676e-02 0.000000000000000000e+00
9.180827338633642531e-01 -3.769191440661821130e-02 0.000000000000000000e+00
9.183189194984882064e-01 -3.782540428557373130e-02 0.000000000000000000e+00
9.185550894919803921e-01 -3.795892181701116669e-02 0.000000000000000000e+00
9.187912437699427004e-01 -3.809246712827400044e-02 0.000000000000000000e+00
9.190273822584772434e-01 -3.822604034670568779e-02 0.000000000000000000e+00
9.192635048836858003e-01 -3.835964159964972559e-02 0.000000000000000000e+00
9.194996115716704832e-01 -3.849327101444956212e-02 0.000000000000000000e+00
9.197357022485334044e-01 -3.862692871844870812e-02 0.000000000000000000e+00
9.199717768403764540e-01 -3.876061483899061189e-02 0.000000000000000000e+00
9.202078352733013000e-01 -3.889432950341876333e-02 0.000000000000000000e+00
9.204438774734104989e-01 -3.902807283907663155e-02 0.000000000000000000e+00
9.206799033668053855e-01 -3.916184497330768566e-02 0.000000000000000000e+00
9.209159128795887383e-01 -3.929564603345542251e-02 0.000000000000000000e+00
9.211519059378620033e-01 -3.942947614686328345e-02 0.000000000000000000e+00
9.213878824677270707e-01 -3.956333544087478615e-02 0.000000000000000000e+00
9.216238423952862746e-01 -3.969722404283337891e-02 0.000000000000000000e+00
9.218597856466412832e-01 -3.983114208008253776e-02 0.000000000000000000e+00
9.220957121478946528e-01 -3.996508967996575262e-02 0.000000000000000000e+00
9.223316218251476073e-01 -4.009906696982647872e-02 0.000000000000000000e+00
9.225675146045025921e-01 -4.023307407700821986e-02 0.000000000000000000e+00
9.228033904120616082e-01 -4.036711112885441738e-02 0.000000000000000000e+00
9.230392491739262129e-01 -4.050117825270856814e-02 0.000000000000000000e+00
9.232750908161991843e-01 -4.063527557591416206e-02 0.000000000000000000e+00
9.235109152649816355e-01 -4.076940322581464049e-02 0.000000000000000000e+00
9.237467224463761228e-01 -4.090356132975350029e-02 0.000000000000000000e+00
9.239825122864844253e-01 -4.103775001507420361e-02 0.000000000000000000e+00
9.242182847114084332e-01 -4.117196940912024039e-02 0.000000000000000000e+00
9.244540396472504806e-01 -4.130621963923507972e-02 0.000000000000000000e+00
9.246897770201120137e-01 -4.144050083276219765e-02 0.000000000000000000e+00
9.249254967560956997e-01 -4.157481311704507715e-02 0.000000000000000000e+00
9.251611987813028737e-01 -4.170915661942717345e-02 0.000000000000000000e+00
9.253968830218363140e-01 -4.184353146725199035e-02 0.000000000000000000e+00
9.256325494037969115e-01 -4.197793778786299002e-02 0.000000000000000000e+00
9.258681978532873336e-01 -4.211237570860363461e-02 0.000000000000000000e+00
9.261038282964098034e-01 -4.224684535681742098e-02 0.000000000000000000e+00
9.263394406592655450e-01 -4.238134685984780436e-02 0.000000000000000000e+00
9.265750348679572257e-01 -4.251588034503827468e-02 0.000000000000000000e+00
9.268106108485866246e-01 -4.265044593973231490e-02 0.000000000000000000e+00
9.270461685272554098e-01 -4.278504377127337333e-02 0.000000000000000000e+00
9.272817078300661375e-01 -4.291967396700496762e-02 0.000000000000000000e+00
9.275172286831204760e-01 -4.305433665427051831e-02 0.000000000000000000e+00
9.277527310125202042e-01 -4.318903196041354309e-02 0.000000000000000000e+00
9.279882147443676566e-01 -4.332376001277751104e-02 0.000000000000000000e+00
9.282236798047646120e-01 -4.345852093870589128e-02 0.000000000000000000e+00
9.284591261198132939e-01 -4.359331486554215984e-02 0.000000000000000000e+00
9.286945536156154812e-01 -4.372814192062978583e-02 0.000000000000000000e+00
9.289299622182730642e-01 -4.386300223131224529e-02 0.000000000000000000e+00
9.291653518538884882e-01 -4.399789592493304202e-02 0.000000000000000000e+00
9.294007224485631991e-01 -4.413282312883561737e-02 0.000000000000000000e+00
9.296360739283993091e-01 -4.426778397036346124e-02 0.000000000000000000e+00
9.298714062194989305e-01 -4.440277857686004276e-02 0.000000000000000000e+00
9.301067192410868989e-01 -4.453780708401927635e-02 0.000000000000000000e+00
9.303420128808816969e-01 -4.467286966578948304e-02 0.000000000000000000e+00
9.305772870175856859e-01 -4.480796650706707351e-02 0.000000000000000000e+00
9.308125415298997840e-01 -4.494309779274929112e-02 0.000000000000000000e+00
9.310477762965262416e-01 -4.507826370773340696e-02 0.000000000000000000e+00
9.312829911961656437e-01 -4.521346443691667827e-02 0.000000000000000000e+00
9.315181861075197967e-01 -4.534870016519635533e-02 0.000000000000000000e+00
9.317533609092897295e-01 -4.548397107746970924e-02 0.000000000000000000e+00
9.319885154801773597e-01 -4.561927735863401806e-02 0.000000000000000000e+00
9.322236496988834942e-01 -4.575461919358651819e-02 0.000000000000000000e+00
9.324587634441104944e-01 -4.588999676722451543e-02 0.000000000000000000e+00
9.326938565945585013e-01 -4.602541026444521843e-02 0.000000000000000000e+00
9.329289290289297654e-01 -4.616085987014591219e-02 0.000000000000000000e+00
9.331639806259254266e-01 -4.629634576922386086e-02 0.000000000000000000e+00
9.333990112642466253e-01 -4.643186814657631473e-02 0.000000000000000000e+00
9.336340208225952786e-01 -4.656742718710056572e-02 0.000000000000000000e+00
9.338690091796724158e-01 -4.670302307569384331e-02 0.000000000000000000e+00
9.341039762141793990e-01 -4.683865599725341861e-02 0.000000000000000000e+00
9.343389218048180345e-01 -4.697432613667657658e-02 0.000000000000000000e+00
9.345738458302889073e-01 -4.711003367886053284e-02 0.000000000000000000e+00
9.348087481692946010e-01 -4.724577880870261398e-02 0.000000000000000000e+00
9.350436287005353675e-01 -4.738156171110002174e-02 0.000000000000000000e+00
9.352784873027132351e-01 -4.751738257095005497e-02 0.000000000000000000e+00
9.355133238545294549e-01 -4.765324157314995701e-02 0.000000000000000000e+00
9.357481382346852783e-01 -4.778913890259700592e-02 0.000000000000000000e+00
9.359829303218821783e-01 -4.792507474418845198e-02 0.000000000000000000e+00
9.362176999948216283e-01 -4.806104928282154548e-02 0.000000000000000000e+00
9.364524471322049903e-01 -4.819706270339358528e-02 0.000000000000000000e+00
9.366871716127338487e-01 -4.833311519080180779e-02 0.000000000000000000e+00
9.369218733151088996e-01 -4.846920692994344942e-02 0.000000000000000000e+00
9.371565521180323932e-01 -4.860533810571583679e-02 0.000000000000000000e+00
9.373912079002052478e-01 -4.874150890301618549e-02 0.000000000000000000e+00
9.376258405403290475e-01 -4.887771950674178745e-02 0.000000000000000000e+00
9.378604499171050435e-01 -4.901397010178986519e-02 0.000000000000000000e+00
9.380950359092344870e-01 -4.915026087305768981e-02 0.000000000000000000e+00
9.383295983954192954e-01 -4.928659200544257407e-02 0.000000000000000000e+00
9.385641372543604977e-01 -4.942296368384171967e-02 0.000000000000000000e+00
9.387986523647595671e-01 -4.955937609315241854e-02 0.000000000000000000e+00
9.390331436053176439e-01 -4.969582941827192790e-02 0.000000000000000000e+00
9.392676108547365343e-01 -4.983232384409751192e-02 0.000000000000000000e+00
9.395020539917172675e-01 -4.996885955552642783e-02 0.000000000000000000e+00
9.397364728949616497e-01 -5.010543673745593285e-02 0.000000000000000000e+00
9.399708674431703770e-01 -5.024205557478329809e-02 0.000000000000000000e+00
9.402052375150456998e-01 -5.037871625240578077e-02 0.000000000000000000e+00
9.404395829892884251e-01 -5.051541895522066589e-02 0.000000000000000000e+00
9.406739037446003593e-01 -5.065216386812518290e-02 0.000000000000000000e+00
9.409081996596825315e-01 -5.078895117601660986e-02 0.000000000000000000e+00
9.411424706132363038e-01 -5.092578106379220398e-02 0.000000000000000000e+00
9.413767164839631496e-01 -5.106265371634922945e-02 0.000000000000000000e+00
9.416109371505648751e-01 -5.119956931858494348e-02 0.000000000000000000e+00
9.418451324917425094e-01 -5.133652805539663105e-02 0.000000000000000000e+00
9.420793023861974147e-01 -5.147353011168152165e-02 0.000000000000000000e+00
9.423134467126308422e-01 -5.161057567233690024e-02 0.000000000000000000e+00
9.425475653497447093e-01 -5.174766492226001713e-02 0.000000000000000000e+00
9.427816581762400450e-01 -5.188479804634814341e-02 0.000000000000000000e+00
9.430157250708179895e-01 -5.202197522949852937e-02 0.000000000000000000e+00
9.432497659121803490e-01 -5.215919665660844612e-02 0.000000000000000000e+00
9.434837805790283749e-01 -5.229646251257517170e-02 0.000000000000000000e+00
9.437177689500636513e-01 -5.243377298229593558e-02 0.000000000000000000e+00
9.439517309039873183e-01 -5.257112825066800887e-02 0.000000000000000000e+00
9.441856663195009602e-01 -5.270852850258869043e-02 0.000000000000000000e+00
9.444195750753058283e-01 -5.284597392295519586e-02 0.000000000000000000e+00
9.446534570501031736e-01 -5.298346469666480318e-02 0.000000000000000000e+00
9.448873121225948024e-01 -5.312100100861477658e-02 0.000000000000000000e+00
9.451211401714816329e-01 -5.325858304370236634e-02 0.000000000000000000e+00
9.453549410754655824e-01 -5.339621098682487133e-02 0.000000000000000000e+00
9.455887147132474579e-01 -5.353388502287950018e-02 0.000000000000000000e+00
9.458224609635293989e-01 -5.367160533676357259e-02 0.000000000000000000e+00
9.460561797050118793e-01 -5.380937211337429027e-02 0.000000000000000000e+00
9.462898708163970385e-01 -5.394718553760898677e-02 0.000000000000000000e+00
9.465235341763859056e-01 -5.408504579436483606e-02 0.000000000000000000e+00
9.467571696636800649e-01 -5.422295306853919250e-02 0.000000000000000000e+00
9.469907771569808785e-01 -5.436090754502926475e-02 0.000000000000000000e+00
9.472243565349893757e-01 -5.449890940873231698e-02 0.000000000000000000e+00
9.474579076764075847e-01 -5.463695884454562030e-02 0.000000000000000000e+00
9.476914304599366456e-01 -5.477505603736643885e-02 0.000000000000000000e+00
9.479249247642774767e-01 -5.491320117209202295e-02 0.000000000000000000e+00
9.481583904681321062e-01 -5.505139443361965756e-02 0.000000000000000000e+00
9.483918274502016743e-01 -5.518963600684658605e-02 0.000000000000000000e+00
9.486252355891874322e-01 -5.532792607667007256e-02 0.000000000000000000e+00
9.488586147637907420e-01 -5.546626482798737434e-02 0.000000000000000000e+00
9.490919648527135211e-01 -5.560465244569577636e-02 0.000000000000000000e+00
9.493252857346567986e-01 -5.574308911469252892e-02 0.000000000000000000e+00
9.495585772883220477e-01 -5.588157501987488229e-02 0.000000000000000000e+00
9.497918393924105196e-01 -5.602011034614012841e-02 0.000000000000000000e+00
9.500250719256235765e-01 -5.615869527838548286e-02 0.000000000000000000e+00
9.502582747666630247e-01 -5.629733000150825145e-02 0.000000000000000000e+00
9.504914477942295603e-01 -5.643601470040566365e-02 0.000000000000000000e+00
9.507245908870253226e-01 -5.657474955997501137e-02 0.000000000000000000e+00
9.509577039237513407e-01 -5.671353476511354491e-02 0.000000000000000000e+00
9.511907867831088659e-01 -5.685237050071852150e-02 0.000000000000000000e+00
9.514238393437993713e-01 -5.699125695168719835e-02 0.000000000000000000e+00
9.516568614845244412e-01 -5.713019430291685352e-02 0.000000000000000000e+00
9.518898530839855487e-01 -5.726918273930473036e-02 0.000000000000000000e+00
9.521228140208838342e-01 -5.740822244574812772e-02 0.000000000000000000e+00
9.523557441739203266e-01 -5.754731360714425425e-02 0.000000000000000000e+00
9.525886434217973875e-01 -5.768645640839042965e-02 0.000000000000000000e+00
9.528215116432153797e-01 -5.782565103438384868e-02 0.000000000000000000e+00
9.530543487168765537e-01 -5.796489767002183796e-02 0.000000000000000000e+00
9.532871545214820497e-01 -5.810419650020164084e-02 0.000000000000000000e+00
9.535199289357328967e-01 -5.824354770982049373e-02 0.000000000000000000e+00
9.537526718383307900e-01 -5.838295148377568855e-02 0.000000000000000000e+00
9.539853831079769808e-01 -5.852240800696446865e-02 0.000000000000000000e+00
9.542180626233730534e-01 -5.866191746428409820e-02 0.000000000000000000e+00
9.544507102632203699e-01 -5.880148004063186912e-02 0.000000000000000000e+00
9.546833259062201815e-01 -5.894109592090500394e-02 0.000000000000000000e+00
9.549159094310739615e-01 -5.908076529000078764e-02 0.000000000000000000e+00
9.551484607164829610e-01 -5.922048833281647051e-02 0.000000000000000000e+00
9.553809796411488753e-01 -5.936026523424932366e-02 0.000000000000000000e+00
9.556134660837728445e-01 -5.950009617919659738e-02 0.000000000000000000e+00
9.558459199230562309e-01 -5.963998135255556277e-02 0.000000000000000000e+00
9.560783410377008407e-01 -5.977992093922350481e-02 0.000000000000000000e+00
9.563107293064073700e-01 -5.991991512409763909e-02 0.000000000000000000e+00
9.565430846078778471e-01 -6.005996409207525755e-02 0.000000000000000000e+00
9.567754068208135232e-01 -6.020006802805361740e-02 0.000000000000000000e+00
9.570076958239155385e-01 -6.034022711692997587e-02 0.000000000000000000e+00
9.572399514958854772e-01 -6.048044154360161101e-02 0.000000000000000000e+00
9.574721737154248125e-01 -6.062071149296575923e-02 0.000000000000000000e+00
9.577043623612345735e-01 -6.076103714991969162e-02 0.000000000000000000e+00
9.579365173120168997e-01 -6.090141869936070707e-02 0.000000000000000000e+00
9.581686384464722650e-01 -6.104185632618600033e-02 0.000000000000000000e+00
9.584007256433024757e-01 -6.118235021529289108e-02 0.000000000000000000e+00
9.586327787812090051e-01 -6.132290055157860187e-02 0.000000000000000000e+00
9.588647977388934374e-01 -6.146350751994043848e-02 0.000000000000000000e+00
9.590967823950565796e-01 -6.160417130527561652e-02 0.000000000000000000e+00
9.593287326284003491e-01 -6.174489209248142096e-02 0.000000000000000000e+00
9.595606483176258861e-01 -6.188567006645512292e-02 0.000000000000000000e+00
9.597925293414346637e-01 -6.202650541209396573e-02 0.000000000000000000e+00
9.600243755785278221e-01 -6.216739831429522051e-02 0.000000000000000000e+00
9.602561869076071677e-01 -6.230834895795615835e-02 0.000000000000000000e+00
9.604879632073739515e-01 -6.244935752797401568e-02 0.000000000000000000e+00
9.607197043565295358e-01 -6.259042420924609829e-02 0.000000000000000000e+00
9.609514102337753938e-01 -6.273154918666962176e-02 0.000000000000000000e+00
9.611830807178124436e-01 -6.287273264514187110e-02 0.000000000000000000e+00
9.614147156873427136e-01 -6.301397476956009658e-02 0.000000000000000000e+00
9.616463150210673438e-01 -6.315527574482157624e-02 0.000000000000000000e+00
9.618778785976878076e-01 -6.329663575582358814e-02 0.000000000000000000e+00
9.621094062959052451e-01 -6.343805498746335481e-02 0.000000000000000000e+00
9.623408979944212405e-01 -6.357953362463814040e-02 0.000000000000000000e+00
9.625723535717982671e-01 -6.372107185237170512e-02 0.000000000000000000e+00
9.628037728858349631e-01 -6.386266987457178690e-02 0.000000000000000000e+00
9.630351557516925176e-01 -6.400432793392558939e-02 0.000000000000000000e+00
9.632665019792930883e-01 -6.414604627788413060e-02 0.000000000000000000e+00
9.634978113785591658e-01 -6.428782515389847019e-02 0.000000000000000000e+00
9.637290837594135740e-01 -6.442966480941966778e-02 0.000000000000000000e+00
9.639603189317786924e-01 -6.457156549189874140e-02 0.000000000000000000e+00
9.641915167055774560e-01 -6.471352744878679231e-02 0.000000000000000000e+00
9.644226768907320224e-01 -6.485555092753483852e-02 0.000000000000000000e+00
9.646537992971653264e-01 -6.499763617559393969e-02 0.000000000000000000e+00
9.648848837347996366e-01 -6.513978344041512769e-02 0.000000000000000000e+00
9.651159300135577768e-01 -6.528199296944948993e-02 0.000000000000000000e+00
9.653469379433625708e-01 -6.542426501014804441e-02 0.000000000000000000e+00
9.655779073341358432e-01 -6.556659980996187853e-02 0.000000000000000000e+00
9.658088379958007508e-01 -6.570899761634199643e-02 0.000000000000000000e+00
9.660397297382800064e-01 -6.585145867673948550e-02 0.000000000000000000e+00
9.662705823714956566e-01 -6.599398323860537763e-02 0.000000000000000000e+00
9.665013957053709692e-01 -6.613657154939076022e-02 0.000000000000000000e+00
9.667321695498277689e-01 -6.627922385654663739e-02 0.000000000000000000e+00
9.669629037147891015e-01 -6.642194040752406881e-02 0.000000000000000000e+00
9.671935980101775687e-01 -6.656472144977411409e-02 0.000000000000000000e+00
9.674242522459155502e-01 -6.670756723074781902e-02 0.000000000000000000e+00
9.676548662319257588e-01 -6.685047799789624323e-02 0.000000000000000000e+00
9.678854397781311292e-01 -6.699345399867046025e-02 0.000000000000000000e+00
9.681159726944534860e-01 -6.713649548052148808e-02 0.000000000000000000e+00
9.683464647908158751e-01 -6.727960269090035861e-02 0.000000000000000000e+00
9.685769158771407872e-01 -6.742277587725815924e-02 0.000000000000000000e+00
9.688073257633508240e-01 -6.756601528704593573e-02 0.000000000000000000e+00
9.690376942593686982e-01 -6.770932116771474774e-02 0.000000000000000000e+00
9.692680211751167896e-01 -6.785269376671559938e-02 0.000000000000000000e+00
9.694983063205178109e-01 -6.799613333149960581e-02 0.000000000000000000e+00
9.697285495054941418e-01 -6.813964010951777117e-02 0.000000000000000000e+00
9.699587505399688281e-01 -6.828321434822116898e-02 0.000000000000000000e+00
9.701889092338641385e-01 -6.842685629506084499e-02 0.000000000000000000e+00
9.704190253971026747e-01 -6.857056619748784498e-02 0.000000000000000000e+00
9.706490988396068165e-01 -6.871434430295318696e-02 0.000000000000000000e+00
9.708791293712993875e-01 -6.885819085890798608e-02 0.000000000000000000e+00
9.711091168021032116e-01 -6.900210611280330197e-02 0.000000000000000000e+00
9.713390609419404464e-01 -6.914609031209011103e-02 0.000000000000000000e+00
9.715689616007338048e-01 -6.929014370421950064e-02 0.000000000000000000e+00
9.717988185884058883e-01 -6.943426653664253045e-02 0.000000000000000000e+00
9.720286317148792987e-01 -6.957845905681021847e-02 0.000000000000000000e+00
9.722584007900771930e-01 -6.972272151217369374e-02 0.000000000000000000e+00
9.724881256239207294e-01 -6.986705415018390486e-02 0.000000000000000000e+00
9.727178060263339532e-01 -7.001145721829199475e-02 0.000000000000000000e+00
9.729474418072385777e-01 -7.015593096394892592e-02 0.000000000000000000e+00
9.731770327765576489e-01 -7.030047563460582738e-02 0.000000000000000000e+00
9.734065787442134354e-01 -7.044509147771371715e-02 0.000000000000000000e+00
9.736360795201286500e-01 -7.058977874072364100e-02 0.000000000000000000e+00
9.738655349142261164e-01 -7.073453767108665857e-02 0.000000000000000000e+00
9.740949447364279923e-01 -7.087936851625381562e-02 0.000000000000000000e+00
9.743243087966571014e-01 -7.102427152367615792e-02 0.000000000000000000e+00
9.745536269048360456e-01 -7.116924694080475899e-02 0.000000000000000000e+00
9.747828988708872044e-01 -7.131429501509065072e-02 0.000000000000000000e+00
9.750121245047332907e-01 -7.145941599398487887e-02 0.000000000000000000e+00
9.752413036162972393e-01 -7.160461012493850308e-02 0.000000000000000000e+00
9.754704360155010967e-01 -7.174987765540258300e-02 0.000000000000000000e+00
9.756995215122676868e-01 -7.189521883282816439e-02 0.000000000000000000e+00
9.759285599165195002e-01 -7.204063390466629302e-02 0.000000000000000000e+00
9.761575510381793608e-01 -7.218612311836801465e-02 0.000000000000000000e+00
9.763864946871694261e-01 -7.233168672138437505e-02 0.000000000000000000e+00
9.766153906734126311e-01 -7.247732496116644774e-02 0.000000000000000000e+00
9.768442388068315774e-01 -7.262303808516532011e-02 0.000000000000000000e+00
9.770730388973487557e-01 -7.276882634083195467e-02 0.000000000000000000e+00
9.773017907548865457e-01 -7.291468997561742493e-02 0.000000000000000000e+00
9.775304941893679933e-01 -7.306062923697284606e-02 0.000000000000000000e+00
9.777591490107152561e-01 -7.320664437234916666e-02 0.000000000000000000e+00
9.779877550288511578e-01 -7.335273562919757129e-02 0.000000000000000000e+00
9.782163120536984113e-01 -7.349890325496899468e-02 0.000000000000000000e+00
9.784448198951790632e-01 -7.364514749711451036e-02 0.000000000000000000e+00
9.786732783632161592e-01 -7.379146860308521960e-02 0.000000000000000000e+00
9.789016872677321901e-01 -7.393786682033209878e-02 0.000000000000000000e+00
9.791300464186497576e-01 -7.408434239630629081e-02 0.000000000000000000e+00
9.793583556258912415e-01 -7.423089557845877207e-02 0.000000000000000000e+00
9.795866146993794654e-01 -7.437752661424060219e-02 0.000000000000000000e+00
9.798148234490369202e-01 -7.452423575110285470e-02 0.000000000000000000e+00
9.800429816847866515e-01 -7.467102323649658924e-02 0.000000000000000000e+00
9.802710892165502621e-01 -7.481788931787285157e-02 0.000000000000000000e+00
9.804991458542510196e-01 -7.496483424268265972e-02 0.000000000000000000e+00
9.807271514078114150e-01 -7.511185825837708718e-02 0.000000000000000000e+00
9.809551056871540498e-01 -7.525896161240717974e-02 0.000000000000000000e+00
9.811830085022014147e-01 -7.540614455222401091e-02 0.000000000000000000e+00
9.814108596628761116e-01 -7.555340732527862646e-02 0.000000000000000000e+00
9.816386589791006312e-01 -7.570075017902203052e-02 0.000000000000000000e+00
9.818664062607977971e-01 -7.584817336090531048e-02 0.000000000000000000e+00
9.820941013178898782e-01 -7.599567711837951212e-02 0.000000000000000000e+00
9.823217439602999201e-01 -7.614326169889570894e-02 0.000000000000000000e+00
9.825493339979503027e-01 -7.629092734990494673e-02 0.000000000000000000e+00
9.827768712407632945e-01 -7.643867431885824348e-02 0.000000000000000000e+00
9.830043554986618304e-01 -7.658650285320665885e-02 0.000000000000000000e+00
9.832317865815684010e-01 -7.673441320040125246e-02 0.000000000000000000e+00
9.834591642994057192e-01 -7.688240560789308398e-02 0.000000000000000000e+00
9.836864884620961647e-01 -7.703048032313321303e-02 0.000000000000000000e+00
9.839137588795624501e-01 -7.717863759357267150e-02 0.000000000000000000e+00
9.841409753617269551e-01 -7.732687766666247742e-02 0.000000000000000000e+00
9.843681377185125037e-01 -7.747520078985374592e-02 0.000000000000000000e+00
9.845952457598416974e-01 -7.762360721059750890e-02 0.000000000000000000e+00
9.848222992956370270e-01 -7.777209717634479824e-02 0.000000000000000000e+00
9.850492981358209832e-01 -7.792067093454667359e-02 0.000000000000000000e+00
9.852762420903162788e-01 -7.806932873265415296e-02 0.000000000000000000e+00
9.855031309690456265e-01 -7.821807081811836537e-02 0.000000000000000000e+00
9.857299645819312950e-01 -7.836689743839031497e-02 0.000000000000000000e+00
9.859567427388959970e-01 -7.851580884092103363e-02 0.000000000000000000e+00
9.861834652498623344e-01 -7.866480527316160876e-02 0.000000000000000000e+00
9.864101319247530197e-01 -7.881388698256307224e-02 0.000000000000000000e+00
9.866367425734906549e-01 -7.896305421657646983e-02 0.000000000000000000e+00
9.868632970059975085e-01 -7.911230722265287507e-02 0.000000000000000000e+00
9.870897950321964043e-01 -7.926164624824331983e-02 0.000000000000000000e+00
9.873162364620099440e-01 -7.941107154079886377e-02 0.000000000000000000e+00
9.875426211053605074e-01 -7.956058334777053875e-02 0.000000000000000000e+00
9.877689487721709183e-01 -7.971018191660943220e-02 0.000000000000000000e+00
9.879952192720325987e-01 -7.985986749483808822e-02 0.000000000000000000e+00
9.882214323948218526e-01 -8.000964033424010080e-02 0.000000000000000000e+00
9.884475878999340326e-01 -8.015950069318647508e-02 0.000000000000000000e+00
9.886736855441523586e-01 -8.030944883061287565e-02 0.000000000000000000e+00
9.888997250842603837e-01 -8.045948500545495319e-02 0.000000000000000000e+00
9.891257062770409947e-01 -8.060960947664840004e-02 0.000000000000000000e+00
9.893516288792770785e-01 -8.075982250312885302e-02 0.000000000000000000e+00
9.895774926477524103e-01 -8.091012434383194896e-02 0.000000000000000000e+00
9.898032973392493217e-01 -8.106051525769335242e-02 0.000000000000000000e+00
9.900290427105523650e-01 -8.121099550364875574e-02 0.000000000000000000e+00
9.902547285184432058e-01 -8.136156534063380963e-02 0.000000000000000000e+00
9.904803545197056192e-01 -8.151222502758415089e-02 0.000000000000000000e+00
9.907059204711229361e-01 -8.166297482343544412e-02 0.000000000000000000e+00
9.909314261294779325e-01 -8.181381498712336775e-02 0.000000000000000000e+00
9.911568712515541613e-01 -8.196474577758357249e-02 0.000000000000000000e+00
9.913822555941346204e-01 -8.211576745375170905e-02 0.000000000000000000e+00
9.916075789140025298e-01 -8.226688027456345587e-02 0.000000000000000000e+00
9.918328409679406654e-01 -8.241808449895443589e-02 0.000000000000000000e+00
9.920580415127329132e-01 -8.256938038586035533e-02 0.000000000000000000e+00
9.922831803051620492e-01 -8.272076819421683713e-02 0.000000000000000000e+00
9.925082571020110711e-01 -8.287224818295953199e-02 0.000000000000000000e+00
9.927332716600630880e-01 -8.302382061102416000e-02 0.000000000000000000e+00
9.929582237361015418e-01 -8.317548573734630246e-02 0.000000000000000000e+00
9.931831130869097635e-01 -8.332724382086167947e-02 0.000000000000000000e+00
9.934079394692707510e-01 -8.347909512050592784e-02 0.000000000000000000e+00
9.936327026399672802e-01 -8.363103989521471215e-02 0.000000000000000000e+00
9.938574023557829040e-01 -8.378307840392365535e-02 0.000000000000000000e+00
9.940820383735008425e-01 -8.393521090556846365e-02 0.000000000000000000e+00
9.943066104499040936e-01 -8.408743765908478773e-02 0.000000000000000000e+00
9.945311183417757661e-01 -8.423975892340829219e-02 0.000000000000000000e+00
9.947555618058988580e-01 -8.439217495747459996e-02 0.000000000000000000e+00
9.949799405990573664e-01 -8.454468602021940338e-02 0.000000000000000000e+00
9.952042544780334010e-01 -8.469729237057836702e-02 0.000000000000000000e+00
9.954285031996108479e-01 -8.484999426748711382e-02 0.000000000000000000e+00
9.956526865205724830e-01 -8.500279196988133612e-02 0.000000000000000000e+00
9.958768041977018592e-01 -8.515568573669669850e-02 0.000000000000000000e+00
9.961008559877816415e-01 -8.530867582686882389e-02 0.000000000000000000e+00
9.963248416475952718e-01 -8.546176249933337687e-02 0.000000000000000000e+00
9.965487609339258590e-01 -8.561494601302604979e-02 0.000000000000000000e+00
9.967726136035565121e-01 -8.576822662688247945e-02 0.000000000000000000e+00
9.969963994132706731e-01 -8.592160459983835818e-02 0.000000000000000000e+00
9.972201181198511177e-01 -8.607508019082929507e-02 0.000000000000000000e+00
9.974437694800813992e-01 -8.622865365879094079e-02 0.000000000000000000e+00
9.976673532507439601e-01 -8.638232526265901545e-02 0.000000000000000000e+00
9.978908691886232418e-01 -8.653609526136916974e-02 0.000000000000000000e+00
9.981143170505011319e-01 -8.668996391385701272e-02 0.000000000000000000e+00
9.983376965931612945e-01 -8.684393147905823673e-02 0.000000000000000000e+00
9.985610075733871716e-01 -8.699799821590850635e-02 0.000000000000000000e+00
9.987842497479613169e-01 -8.715216438334345839e-02 0.000000000000000000e+00
9.990074228736673945e-01 -8.730643024029877131e-02 0.000000000000000000e+00
9.992305267072882913e-01 -8.746079604571009580e-02 0.000000000000000000e+00
9.994535610056075603e-01 -8.761526205851308258e-02 0.000000000000000000e+00
9.996765255254079774e-01 -8.776982853764343784e-02 0.000000000000000000e+00
9.998994200234728735e-01 -8.792449574203674290e-02 0.000000000000000000e+00
1.000122244256585358e+00 -8.807926393062874559e-02 0.000000000000000000e+00
1.000344997981528428e+00 -8.823413336235504112e-02 0.000000000000000000e+00
1.000567680955085414e+00 -8.838910429615128017e-02 0.000000000000000000e+00
1.000790292934039316e+00 -8.854417699095315508e-02 0.000000000000000000e+00
1.001012833675173797e+00 -8.869935170569631655e-02 0.000000000000000000e+00
1.001235302935271410e+00 -8.885462869931647079e-02 0.000000000000000000e+00
1.001457700471115819e+00 -8.901000823074919910e-02 0.000000000000000000e+00
1.001680026039489801e+00 -8.916549055893020770e-02 0.000000000000000000e+00
1.001902279397176798e+00 -8.932107594279511953e-02 0.000000000000000000e+00
1.002124460300959807e+00 -8.947676464127964080e-02 0.000000000000000000e+00
1.002346568507621827e+00 -8.963255691331939445e-02 0.000000000000000000e+00
1.002568603773946299e+00 -8.978845301785005895e-02 0.000000000000000000e+00
1.002790565856716221e+00 -8.994445321380727110e-02 0.000000000000000000e+00
1.003012454512715035e+00 -9.010055776012670936e-02 0.000000000000000000e+00
1.003234269498725739e+00 -9.025676691574403832e-02 0.000000000000000000e+00
1.003456010571531554e+00 -9.041308093959493641e-02 0.000000000000000000e+00
1.003677677487915032e+00 -9.056950009061498497e-02 0.000000000000000000e+00
1.003899270004660504e+00 -9.072602462773991794e-02 0.000000000000000000e+00
1.004120787878550081e+00 -9.088265480990535827e-02 0.000000000000000000e+00
1.004342230866367425e+00 -9.103939089604698442e-02 0.000000000000000000e+00
1.004563598724895979e+00 -9.119623314510047485e-02 0.000000000000000000e+00
1.004784891210917852e+00 -9.135318181600142473e-02 0.000000000000000000e+00
1.005006108081217597e+00 -9.151023716768555416e-02 0.000000000000000000e+00
1.005227249092577102e+00 -9.166739945908847220e-02 0.000000000000000000e+00
1.005448314001780252e+00 -9.182466894914588507e-02 0.000000000000000000e+00
1.005669302565610268e+00 -9.198204589679345733e-02 0.000000000000000000e+00
1.005890214540850147e+00 -9.213953056096679806e-02 0.000000000000000000e+00
1.006111049684282888e+00 -9.229712320060159958e-02 0.000000000000000000e+00
1.006331807752691709e+00 -9.245482407463348484e-02 0.000000000000000000e+00
1.006552488502859832e+00 -9.261263344199817393e-02 0.000000000000000000e+00
1.006773091691570254e+00 -9.277055156163130367e-02 0.000000000000000000e+00
1.006993617075606640e+00 -9.292857869246851088e-02 0.000000000000000000e+00
1.007214064411751764e+00 -9.308671509344544626e-02 0.000000000000000000e+00
1.007434433456788625e+00 -9.324496102349780213e-02 0.000000000000000000e+00
1.007654723967500665e+00 -9.340331674156121533e-02 0.000000000000000000e+00
1.007874935700654229e+00 -9.356178250658310491e-02 0.000000000000000000e+00
1.008095068386005932e+00 -9.372035859629490595e-02 0.000000000000000000e+00
1.008315121671470527e+00 -9.387904534534483036e-02 0.000000000000000000e+00
1.008535095189520447e+00 -9.403784309912036066e-02 0.000000000000000000e+00
1.008754988572629463e+00 -9.419675220300906260e-02 0.000000000000000000e+00
1.008974801453270453e+00 -9.435577300239846033e-02 0.000000000000000000e+00
1.009194533463915411e+00 -9.451490584267600858e-02 0.000000000000000000e+00
1.009414184237038103e+00 -9.467415106922924539e-02 0.000000000000000000e+00
1.009633753405111189e+00 -9.483350902744568101e-02 0.000000000000000000e+00
1.009853240600607549e+00 -9.499298006271285344e-02 0.000000000000000000e+00
1.010072645456000284e+00 -9.515256452041828683e-02 0.000000000000000000e+00
1.010291967603761609e+00 -9.531226274594939429e-02 0.000000000000000000e+00
1.010511206676365292e+00 -9.547207508469382486e-02 0.000000000000000000e+00
1.010730362306284214e+00 -9.563200188203903329e-02 0.000000000000000000e+00
1.010949434125990587e+00 -9.579204348337252983e-02 0.000000000000000000e+00
1.011168421767957515e+00 -9.595220023408181087e-02 0.000000000000000000e+00
1.011387324864658321e+00 -9.611247247955444217e-02 0.000000000000000000e+00
1.011606143048565443e+00 -9.627286056517786461e-02 0.000000000000000000e+00
1.011824875952151981e+00 -9.643336483633967171e-02 0.000000000000000000e+00
1.012043523207891260e+00 -9.659398563842734597e-02 0.000000000000000000e+00
1.012262084448255273e+00 -9.675472331682834215e-02 0.000000000000000000e+00
1.012480559305717565e+00 -9.691557821693026764e-02 0.000000000000000000e+00
1.012698947412751238e+00 -9.707655068412060495e-02 0.000000000000000000e+00
1.012917248401828507e+00 -9.723764106378683658e-02 0.000000000000000000e+00
1.013135461905422474e+00 -9.739884970131648667e-02 0.000000000000000000e+00
1.013353587556006685e+00 -9.756017694209710711e-02 0.000000000000000000e+00
1.013571624986053132e+00 -9.772162313151616653e-02 0.000000000000000000e+00
1.013789573828035584e+00 -9.788318861496121681e-02 0.000000000000000000e+00
1.014007433714426032e+00 -9.804487373781974047e-02 0.000000000000000000e+00
1.014225204277698023e+00 -9.820667884547926163e-02 0.000000000000000000e+00
1.014442885150324214e+00 -9.836860428332730444e-02 0.000000000000000000e+00
1.014660475964778152e+00 -9.853065039675137915e-02 0.000000000000000000e+00
1.014877976353531608e+00 -9.869281753113899602e-02 0.000000000000000000e+00
1.015095385949058127e+00 -9.885510603187763756e-02 0.000000000000000000e+00
1.015312704383830589e+00 -9.901751624435491117e-02 0.000000000000000000e+00
1.015529931290322097e+00 -9.918004851395822996e-02 0.000000000000000000e+00
1.015747066301004864e+00 -9.934270318607513195e-02 0.000000000000000000e+00
1.015964109048352659e+00 -9.950548060609316903e-02 0.000000000000000000e+00
1.016181059164837475e+00 -9.966838111939980982e-02 0.000000000000000000e+00
1.016397916282933078e+00 -9.983140507138263398e-02 0.000000000000000000e+00
1.016614680035112128e+00 -9.999455280742908236e-02 0.000000000000000000e+00
1.016831350053847283e+00 -1.001578246729266930e-01 0.000000000000000000e+00
1.017047925971611422e+00 -1.003212210132629761e-01 0.000000000000000000e+00
1.017264407420877870e+00 -1.004847421738254698e-01 0.000000000000000000e+00
1.017480794034119063e+00 -1.006483885000016981e-01 0.000000000000000000e+00
1.017697085443808103e+00 -1.008121603371791158e-01 0.000000000000000000e+00
1.017913281282418092e+00 -1.009760580307452610e-01 0.000000000000000000e+00
1.018129381182421689e+00 -1.011400819260876716e-01 0.000000000000000000e+00
1.018345384776291773e+00 -1.013042323685938578e-01 0.000000000000000000e+00
1.018561291696501447e+00 -1.014685097036513300e-01 0.000000000000000000e+00
1.018777101575522925e+00 -1.016329142766475707e-01 0.000000000000000000e+00
1.018992814045830198e+00 -1.017974464329701040e-01 0.000000000000000000e+00
1.019208428739895478e+00 -1.019621065180064678e-01 0.000000000000000000e+00
1.019423945290192091e+00 -1.021268948771441865e-01 0.000000000000000000e+00
1.019639363329192694e+00 -1.022918118557707839e-01 0.000000000000000000e+00
1.019854682489370168e+00 -1.024568577992737012e-01 0.000000000000000000e+00
1.020069902403197171e+00 -1.026220330530404762e-01 0.000000000000000000e+00
1.020285022703147026e+00 -1.027873379624586747e-01 0.000000000000000000e+00
1.020500043021692393e+00 -1.029527728729157515e-01 0.000000000000000000e+00
1.020714962991306596e+00 -1.031183381297993140e-01 0.000000000000000000e+00
1.020929782244461848e+00 -1.032840340784967198e-01 0.000000000000000000e+00
1.021144500413631473e+00 -1.034498610643956040e-01 0.000000000000000000e+00
1.021359117131288796e+00 -1.036158194328834770e-01 0.000000000000000000e+00
1.021573632029905809e+00 -1.037819095293477933e-01 0.000000000000000000e+00
1.021788044741956059e+00 -1.039481316991761189e-01 0.000000000000000000e+00
1.022002354899911980e+00 -1.041144862877559224e-01 0.000000000000000000e+00
1.022216562136247120e+00 -1.042809736404747556e-01 0.000000000000000000e+00
1.022430666083433692e+00 -1.044475941027201149e-01 0.000000000000000000e+00
1.022644666373945022e+00 -1.046143480198795245e-01 0.000000000000000000e+00
1.022858562640253988e+00 -1.047812357373404668e-01 0.000000000000000000e+00
1.023072354514833471e+00 -1.049482576004905215e-01 0.000000000000000000e+00
1.023286041630156351e+00 -1.051154139547171296e-01 0.000000000000000000e+00
1.023499623618695287e+00 -1.052827051454078289e-01 0.000000000000000000e+00
1.023713100112923602e+00 -1.054501315179501575e-01 0.000000000000000000e+00
1.023926470745313955e+00 -1.056176934177316257e-01 0.000000000000000000e+00
1.024139735148339225e+00 -1.057853911901397437e-01 0.000000000000000000e+00
1.024352892954472294e+00 -1.059532251805619801e-01 0.000000000000000000e+00
1.024565943796186263e+00 -1.061211957343858869e-01 0.000000000000000000e+00
1.024778887305954012e+00 -1.062893031969990021e-01 0.000000000000000000e+00
1.024991723116248421e+00 -1.064575479137888359e-01 0.000000000000000000e+00
1.025204450859542149e+00 -1.066259302301428291e-01 0.000000000000000000e+00
1.025417070142914611e+00 -1.067944505117853216e-01 0.000000000000000000e+00
1.025629580344171732e+00 -1.069631093080553458e-01 0.000000000000000000e+00
1.025841980719474744e+00 -1.071319072657110211e-01 0.000000000000000000e+00
1.026054270523868883e+00 -1.073008450324054175e-01 0.000000000000000000e+00
1.026266449012398052e+00 -1.074699232557916329e-01 0.000000000000000000e+00
1.026478515440107264e+00 -1.076391425835228205e-01 0.000000000000000000e+00
1.026690469062040201e+00 -1.078085036632520227e-01 0.000000000000000000e+00
1.026902309133242097e+00 -1.079780071426324484e-01 0.000000000000000000e+00
1.027114034908756635e+00 -1.081476536693171259e-01 0.000000000000000000e+00
1.027325645643628826e+00 -1.083174438909591808e-01 0.000000000000000000e+00
1.027537140592902798e+00 -1.084873784552117526e-01 0.000000000000000000e+00
1.027748519011622896e+00 -1.086574580097279114e-01 0.000000000000000000e+00
1.027959780154833913e+00 -1.088276832021608104e-01 0.000000000000000000e+00
1.028170923277580417e+00 -1.089980546801635614e-01 0.000000000000000000e+00
1.028381947634905647e+00 -1.091685730913891789e-01 0.000000000000000000e+00
1.028592852481855502e+00 -1.093392390834908995e-01 0.000000000000000000e+00
1.028803637073473887e+00 -1.095100533041217933e-01 0.000000000000000000e+00
1.029014300664805148e+00 -1.096810164009349581e-01 0.000000000000000000e+00
1.029224842510893412e+00 -1.098521290215834917e-01 0.000000000000000000e+00
1.029435261866783691e+00 -1.100233918137204919e-01 0.000000000000000000e+00
1.029645557987519666e+00 -1.101948054249990983e-01 0.000000000000000000e+00
1.029855730128147018e+00 -1.103663705030724501e-01 0.000000000000000000e+00
1.030065777543709205e+00 -1.105380876955936453e-01 0.000000000000000000e+00
1.030275699489250574e+00 -1.107099576502157262e-01 0.000000000000000000e+00
1.030485495219815695e+00 -1.108819810145918322e-01 0.000000000000000000e+00
1.030695163990449581e+00 -1.110541584363751305e-01 0.000000000000000000e+00
1.030904705056196358e+00 -1.112264905632186773e-01 0.000000000000000000e+00
1.031114117672100150e+00 -1.113989780427756399e-01 0.000000000000000000e+00
1.031323401093205527e+00 -1.115716215226990327e-01 0.000000000000000000e+00
1.031532554574556837e+00 -1.117444216506420229e-01 0.000000000000000000e+00
1.031741577371198648e+00 -1.119173790742577224e-01 0.000000000000000000e+00
1.031950468738175752e+00 -1.120904944411992565e-01 0.000000000000000000e+00
1.032159227930532053e+00 -1.122637683991197372e-01 0.000000000000000000e+00
1.032367854203312119e+00 -1.124372015956722065e-01 0.000000000000000000e+00
1.032576346811560297e+00 -1.126107946785098318e-01 0.000000000000000000e+00
1.032784705010321602e+00 -1.127845482952857109e-01 0.000000000000000000e+00
1.032992928054639492e+00 -1.129584630936529693e-01 0.000000000000000000e+00
1.033201015199559425e+00 -1.131325397212647188e-01 0.000000000000000000e+00
1.033408965700124860e+00 -1.133067788257740155e-01 0.000000000000000000e+00
1.033616778811380810e+00 -1.134811810548340405e-01 0.000000000000000000e+00
1.033824453788371844e+00 -1.136557470560978778e-01 0.000000000000000000e+00
1.034031989886141867e+00 -1.138304774772186112e-01 0.000000000000000000e+00
1.034239386359735668e+00 -1.140053729658493664e-01 0.000000000000000000e+00
1.034446642464197597e+00 -1.141804341696432828e-01 0.000000000000000000e+00
1.034653757454572220e+00 -1.143556617362534583e-01 0.000000000000000000e+00
1.034860730585903443e+00 -1.145310563133329212e-01 0.000000000000000000e+00
1.035067561113236501e+00 -1.147066185485349221e-01 0.000000000000000000e+00
1.035274248291615296e+00 -1.148823490895125171e-01 0.000000000000000000e+00
1.035480791376084175e+00 -1.150582485839187485e-01 0.000000000000000000e+00
1.035687189621688153e+00 -1.152343176794068114e-01 0.000000000000000000e+00
1.035893442283471133e+00 -1.154105570236297618e-01 0.000000000000000000e+00
1.036099548616477684e+00 -1.155869672642407253e-01 0.000000000000000000e+00
1.036305507875752374e+00 -1.157635490488928831e-01 0.000000000000000000e+00
1.036511319316339330e+00 -1.159403030252392081e-01 0.000000000000000000e+00
1.036716982193283121e+00 -1.161172298409329229e-01 0.000000000000000000e+00
1.036922495761628316e+00 -1.162943301436270838e-01 0.000000000000000000e+00
1.037127859276419262e+00 -1.164716045809748302e-01 0.000000000000000000e+00
1.037333071992700528e+00 -1.166490538006292599e-01 0.000000000000000000e+00
1.037538133165516241e+00 -1.168266784502434846e-01 0.000000000000000000e+00
1.037743042049911413e+00 -1.170044791774706022e-01 0.000000000000000000e+00
1.037947797900929503e+00 -1.171824566299637244e-01 0.000000000000000000e+00
1.038152399973615747e+00 -1.173606114553759905e-01 0.000000000000000000e+00
1.038356847523014492e+00 -1.175389443013604845e-01 0.000000000000000000e+00
1.038561139804169642e+00 -1.177174558155703182e-01 0.000000000000000000e+00
1.038765276072126209e+00 -1.178961466456585755e-01 0.000000000000000000e+00
1.038969255581928319e+00 -1.180750174392784374e-01 0.000000000000000000e+00
1.039173077588620986e+00 -1.182540688440829879e-01 0.000000000000000000e+00
1.039376741347247446e+00 -1.184333015077252832e-01 0.000000000000000000e+00
1.039580246071462488e+00 -1.186127161038644517e-01 0.000000000000000000e+00
1.039783590608722275e+00 -1.187923135362447119e-01 0.000000000000000000e+00
1.039986773615378501e+00 -1.189720948286822205e-01 0.000000000000000000e+00
1.040189793746126412e+00 -1.191520610060343849e-01 0.000000000000000000e+00
1.040392649655661028e+00 -1.193322130931585290e-01 0.000000000000000000e+00
1.040595339998677371e+00 -1.195125521149120601e-01 0.000000000000000000e+00
1.040797863429870684e+00 -1.196930790961523716e-01 0.000000000000000000e+00
1.041000218603935767e+00 -1.198737950617368569e-01 0.000000000000000000e+00
1.041202404175568086e+00 -1.200547010365228817e-01 0.000000000000000000e+00
1.041404418799462439e+00 -1.202357980453678116e-01 0.000000000000000000e+00
1.041606261130313626e+00 -1.204170871131290677e-01 0.000000000000000000e+00
1.041807929822817336e+00 -1.205985692646639879e-01 0.000000000000000000e+00
1.042009423531668144e+00 -1.207802455248299517e-01 0.000000000000000000e+00
1.042210740911561295e+00 -1.209621169184843942e-01 0.000000000000000000e+00
1.042411880617191811e+00 -1.211441844704846116e-01 0.000000000000000000e+00
1.042612841303254712e+00 -1.213264492056880528e-01 0.000000000000000000e+00
1.042813621624445464e+00 -1.215089121489520696e-01 0.000000000000000000e+00
1.043014220235458422e+00 -1.216915743251340415e-01 0.000000000000000000e+00
1.043214635790989497e+00 -1.218744367590913757e-01 0.000000000000000000e+00
1.043414866945732822e+00 -1.220575004756814103e-01 0.000000000000000000e+00
1.043614912354384305e+00 -1.222407664997615662e-01 0.000000000000000000e+00
1.043814770671638748e+00 -1.224242358561892230e-01 0.000000000000000000e+00
1.044014440552190726e+00 -1.226079095698217047e-01 0.000000000000000000e+00
1.044213920650736149e+00 -1.227917886655164603e-01 0.000000000000000000e+00
1.044413209621969152e+00 -1.229758741681308276e-01 0.000000000000000000e+00
1.044612306120585865e+00 -1.231601671025222139e-01 0.000000000000000000e+00
1.044811208801280644e+00 -1.233446684935479709e-01 0.000000000000000000e+00
1.045009916318748289e+00 -1.235293793660655060e-01 0.000000000000000000e+00
1.045208427327684930e+00 -1.237143007449322124e-01 0.000000000000000000e+00
1.045406740482784258e+00 -1.238994336550054282e-01 0.000000000000000000e+00
1.045604854438742404e+00 -1.240847791211425327e-01 0.000000000000000000e+00
1.045802767850254167e+00 -1.242703381682009334e-01 0.000000000000000000e+00
1.046000479372014569e+00 -1.244561118210380096e-01 0.000000000000000000e+00
1.046197987658718631e+00 -1.246421011045111549e-01 0.000000000000000000e+00
1.046395291365061153e+00 -1.248283070434777209e-01 0.000000000000000000e+00
1.046592389145737823e+00 -1.250147306627950872e-01 0.000000000000000000e+00
1.046789279655443217e+00 -1.252013729873206471e-01 0.000000000000000000e+00
1.046985961548872801e+00 -1.253882350419117941e-01 0.000000000000000000e+00
1.047182433480721153e+00 -1.255753178514259216e-01 0.000000000000000000e+00
1.047378694105683739e+00 -1.257626224407203397e-01 0.000000000000000000e+00
1.047574742078455357e+00 -1.259501498346524695e-01 0.000000000000000000e+00
1.047770576053731251e+00 -1.261379010580797044e-01 0.000000000000000000e+00
1.047966194686206443e+00 -1.263258771358594101e-01 0.000000000000000000e+00
1.048161596630576176e+00 -1.265140790928490078e-01 0.000000000000000000e+00
1.048356780541535027e+00 -1.267025079539057797e-01 0.000000000000000000e+00
1.048551745073778463e+00 -1.268911647438872026e-01 0.000000000000000000e+00
1.048746488882001504e+00 -1.270800504876506143e-01 0.000000000000000000e+00
1.048941010620899394e+00 -1.272691662100534360e-01 0.000000000000000000e+00
1.049135308945166711e+00 -1.274585129359530056e-01 0.000000000000000000e+00
1.049329382509498920e+00 -1.276480916902066887e-01 0.000000000000000000e+00
1.049523229968590821e+00 -1.278379034976719064e-01 0.000000000000000000e+00
1.049716849977137656e+00 -1.280279493832059967e-01 0.000000000000000000e+00
1.049910241189834448e+00 -1.282182303716664085e-01 0.000000000000000000e+00
1.050103402261376218e+00 -1.284087474879104518e-01 0.000000000000000000e+00
1.050296331845764319e+00 -1.285995017569505350e-01 0.000000000000000000e+00
1.050489028387727064e+00 -1.287904942505144201e-01 0.000000000000000000e+00
1.050681489830106230e+00 -1.289817261523662495e-01 0.000000000000000000e+00
1.050873714042058982e+00 -1.291731986627182305e-01 0.000000000000000000e+00
1.051065698892743816e+00 -1.293649129817826537e-01 0.000000000000000000e+00
1.051257442251317009e+00 -1.295568703097715879e-01 0.000000000000000000e+00
1.051448941986938168e+00 -1.297490718468974624e-01 0.000000000000000000e+00
1.051640195968764013e+00 -1.299415187933724292e-01 0.000000000000000000e+00
1.051831202065952375e+00 -1.301342123494087233e-01 0.000000000000000000e+00
1.052021958147661751e+00 -1.303271537152185799e-01 0.000000000000000000e+00
1.052212462083049083e+00 -1.305203440910141510e-01 0.000000000000000000e+00
1.052402711741272645e+00 -1.307137846770077827e-01 0.000000000000000000e+00
1.052592704991490491e+00 -1.309074766734116546e-01 0.000000000000000000e+00
1.052782439702860007e+00 -1.311014212804380574e-01 0.000000000000000000e+00
1.052971913744538579e+00 -1.312956196982991153e-01 0.000000000000000000e+00
1.053161124985685371e+00 -1.314900731272071466e-01 0.000000000000000000e+00
1.053350071295456880e+00 -1.316847827673743310e-01 0.000000000000000000e+00
1.053538750543011382e+00 -1.318797498190129591e-01 0.000000000000000000e+00
1.053727160597506929e+00 -1.320749754823352662e-01 0.000000000000000000e+00
1.053915299328100685e+00 -1.322704609575533763e-01 0.000000000000000000e+00
1.054103164603951148e+00 -1.324662074448796079e-01 0.000000000000000000e+00
1.054290754294215704e+00 -1.326622161445262238e-01 0.000000000000000000e+00
1.054478066268052405e+00 -1.328584882567053482e-01 0.000000000000000000e+00
1.054665098394618639e+00 -1.330550249816293551e-01 0.000000000000000000e+00
1.054851848543072901e+00 -1.332518275195103408e-01 0.000000000000000000e+00
1.055038314582572134e+00 -1.334488970705606237e-01 0.000000000000000000e+00
1.055224494382275058e+00 -1.336462348349924389e-01 0.000000000000000000e+00
1.055410385811338836e+00 -1.338438420130179107e-01 0.000000000000000000e+00
1.055595986738921299e+00 -1.340417198048494407e-01 0.000000000000000000e+00
1.055781295034180278e+00 -1.342398694106990698e-01 0.000000000000000000e+00
1.055966308566273826e+00 -1.344382920307791718e-01 0.000000000000000000e+00
1.056151025204359772e+00 -1.346369888653019542e-01 0.000000000000000000e+00
1.056335442817595727e+00 -1.348359611144796244e-01 0.000000000000000000e+00
1.056519559275139519e+00 -1.350352099785244453e-01 0.000000000000000000e+00
1.056703372446148759e+00 -1.352347366576485688e-01 0.000000000000000000e+00
1.056886880199781720e+00 -1.354345423520643688e-01 0.000000000000000000e+00
1.057070080405195789e+00 -1.356346282619839139e-01 0.000000000000000000e+00
1.057252970931549019e+00 -1.358349955876195225e-01 0.000000000000000000e+00
1.057435549647999018e+00 -1.360356455291834576e-01 0.000000000000000000e+00
1.057617814423703839e+00 -1.362365792868879266e-01 0.000000000000000000e+00
1.057799763127820869e+00 -1.364377980609451091e-01 0.000000000000000000e+00
1.057981393629508604e+00 -1.366393030515673235e-01 0.000000000000000000e+00
1.058162703797924209e+00 -1.368410954589666939e-01 0.000000000000000000e+00
1.058343691502225292e+00 -1.370431764833555388e-01 0.000000000000000000e+00
1.058524354611570573e+00 -1.372455473249460656e-01 0.000000000000000000e+00
1.058704690995117215e+00 -1.374482091839505371e-01 0.000000000000000000e+00
1.058884698522023271e+00 -1.376511632605811608e-01 0.000000000000000000e+00
1.059064375061446128e+00 -1.378544107550500886e-01 0.000000000000000000e+00
1.059243718482544283e+00 -1.380579528675697221e-01 0.000000000000000000e+00
1.059422726654474900e+00 -1.382617907983521577e-01 0.000000000000000000e+00
1.059601397622016439e+00 -1.384659255754210339e-01 0.000000000000000000e+00
1.059779730947171261e+00 -1.386703567392248426e-01 0.000000000000000000e+00
1.059957726968376424e+00 -1.388750830689506055e-01 0.000000000000000000e+00
1.060135386030342630e+00 -1.390801033376320717e-01 0.000000000000000000e+00
1.060312708477783250e+00 -1.392854163183032401e-01 0.000000000000000000e+00
1.060489694655409876e+00 -1.394910207839978600e-01 0.000000000000000000e+00
1.060666344907934988e+00 -1.396969155077498748e-01 0.000000000000000000e+00
1.060842659580070846e+00 -1.399030992625931724e-01 0.000000000000000000e+00
1.061018639016528819e+00 -1.401095708215616131e-01 0.000000000000000000e+00
1.061194283562022056e+00 -1.403163289576890571e-01 0.000000000000000000e+00
1.061369593561262148e+00 -1.405233724440094201e-01 0.000000000000000000e+00
1.061544569358961354e+00 -1.407307000535564512e-01 0.000000000000000000e+00
1.061719211299831933e+00 -1.409383105593642049e-01 0.000000000000000000e+00
1.061893519728585922e+00 -1.411462027344665138e-01 0.000000000000000000e+00
1.062067494989935801e+00 -1.413543753518971824e-01 0.000000000000000000e+00
1.062241137428593163e+00 -1.415628271846900987e-01 0.000000000000000000e+00
1.062414447389270489e+00 -1.417715570058791508e-01 0.000000000000000000e+00
1.062587425216680037e+00 -1.419805635884982264e-01 0.000000000000000000e+00
1.062760071255533845e+00 -1.421898457055812137e-01 0.000000000000000000e+00
1.062932385850544170e+00 -1.423994021301619450e-01 0.000000000000000000e+00
1.063104369346423050e+00 -1.426092316352743916e-01 0.000000000000000000e+00
1.063276022087882522e+00 -1.428193329939522471e-01 0.000000000000000000e+00
1.063447344419635066e+00 -1.430297049792296216e-01 0.000000000000000000e+00
1.063618336686392718e+00 -1.432403463641401808e-01 0.000000000000000000e+00
1.063788999232867738e+00 -1.434512559217179239e-01 0.000000000000000000e+00
1.063959332403771940e+00 -1.436624324249966556e-01 0.000000000000000000e+00
1.064129336543817583e+00 -1.438738746470103469e-01 0.000000000000000000e+00
1.064299011997716926e+00 -1.440855813607927471e-01 0.000000000000000000e+00
1.064468359110182449e+00 -1.442975513393778275e-01 0.000000000000000000e+00
1.064637378225925968e+00 -1.445097833557994760e-01 0.000000000000000000e+00
1.064806069689659518e+00 -1.447222761830914695e-01 0.000000000000000000e+00
1.064974433846095581e+00 -1.449350285942877237e-01 0.000000000000000000e+00
1.065142471039946193e+00 -1.451480393624221821e-01 0.000000000000000000e+00
1.065310181615923391e+00 -1.453613072605286771e-01 0.000000000000000000e+00
1.065477565918739211e+00 -1.455748310616410135e-01 0.000000000000000000e+00
1.065644624293106357e+00 -1.457886095387931624e-01 0.000000000000000000e+00
1.065811357083736644e+00 -1.460026414650189563e-01 0.000000000000000000e+00
1.065977764635342107e+00 -1.462169256133523110e-01 0.000000000000000000e+00
1.066143847292635005e+00 -1.464314607568270588e-01 0.000000000000000000e+00
1.066309605400327820e+00 -1.466462456684770876e-01 0.000000000000000000e+00
1.066475039303131922e+00 -1.468612791213362301e-01 0.000000000000000000e+00
1.066640149345760458e+00 -1.470765598884384295e-01 0.000000000000000000e+00
1.066804935872925020e+00 -1.472920867428175740e-01 0.000000000000000000e+00
1.066969399229337867e+00 -1.475078584575074403e-01 0.000000000000000000e+00
1.067133539759711036e+00 -1.477238738055419998e-01 0.000000000000000000e+00
