7.354095398278941431e-01 -1.133160551819493989e-02 0.000000000000000000e+00
7.352510206763056555e-01 -1.129620462343724173e-02 0.000000000000000000e+00
7.350924740472464247e-01 -1.126089579130339774e-02 0.000000000000000000e+00
7.349339100049367968e-01 -1.122564056694912334e-02 0.000000000000000000e+00
7.347753386135974507e-01 -1.119040049553014088e-02 0.000000000000000000e+00
7.346167699374485105e-01 -1.115513712220216752e-02 0.000000000000000000e+00
7.344582140407104331e-01 -1.111981199212092562e-02 0.000000000000000000e+00
7.342996809876035647e-01 -1.108438665044213234e-02 0.000000000000000000e+00
7.341411808423481400e-01 -1.104882264232150656e-02 0.000000000000000000e+00
7.339827236691645052e-01 -1.101308151291476543e-02 0.000000000000000000e+00
7.338243195322728951e-01 -1.097712480737763133e-02 0.000000000000000000e+00
7.336659784958937669e-01 -1.094091407086581966e-02 0.000000000000000000e+00
7.335077106242477996e-01 -1.090441084853505625e-02 0.000000000000000000e+00
7.333495259815547840e-01 -1.086757668554105306e-02 0.000000000000000000e+00
7.331914346320353992e-01 -1.083037312703953245e-02 0.000000000000000000e+00
7.330334466399098803e-01 -1.079276171818621156e-02 0.000000000000000000e+00
7.328755720693984621e-01 -1.075470400413681450e-02 0.000000000000000000e+00
7.327178209847218238e-01 -1.071616153004705321e-02 0.000000000000000000e+00
7.325602034500997561e-01 -1.067709584107265353e-02 0.000000000000000000e+00
7.324027295297531603e-01 -1.063746848236933086e-02 0.000000000000000000e+00
7.322454092879020493e-01 -1.059724099909280237e-02 0.000000000000000000e+00
7.320882527887669911e-01 -1.055637493639879562e-02 0.000000000000000000e+00
7.319312700965679985e-01 -1.051483183944301736e-02 0.000000000000000000e+00
7.317744712755255287e-01 -1.047257325338119341e-02 0.000000000000000000e+00
7.316178663898603718e-01 -1.042956072336904787e-02 0.000000000000000000e+00
7.314614655037923185e-01 -1.038575579456229268e-02 0.000000000000000000e+00
7.313052786815418260e-01 -1.034112001211664675e-02 0.000000000000000000e+00
7.311493166816910305e-01 -1.029561383190215514e-02 0.000000000000000000e+00
7.309936104767812415e-01 -1.024916599897280484e-02 0.000000000000000000e+00
7.308382139364304475e-01 -1.020166933840411724e-02 0.000000000000000000e+00
7.306831821638559710e-01 -1.015301474005194347e-02 0.000000000000000000e+00
7.305285702622756894e-01 -1.010309309377212250e-02 0.000000000000000000e+00
7.303744333349069251e-01 -1.005179528942051065e-02 0.000000000000000000e+00
7.302208264849671115e-01 -9.999012216852945154e-03 0.000000000000000000e+00
7.300678048156740152e-01 -9.944634765925278869e-03 0.000000000000000000e+00
7.299154234307467792e-01 -9.888553825676493769e-03 0.000000000000000000e+00
7.297637533496753592e-01 -9.830634369086474478e-03 0.000000000000000000e+00
7.296129233273176418e-01 -9.770647357148075363e-03 0.000000000000000000e+00
7.294630752061067591e-01 -9.708342440017728864e-03 0.000000000000000000e+00
7.293143508284769538e-01 -9.643469267851867421e-03 0.000000000000000000e+00
7.291668920368615803e-01 -9.575777490806923475e-03 0.000000000000000000e+00
7.290208406736942148e-01 -9.505016759039324262e-03 0.000000000000000000e+00
7.288763385814083229e-01 -9.430936722705502220e-03 0.000000000000000000e+00
7.287335276024378139e-01 -9.353287031961889791e-03 0.000000000000000000e+00
7.285925934736460219e-01 -9.271830721992453672e-03 0.000000000000000000e+00
7.284539153330189531e-01 -9.186389803102991761e-03 0.000000000000000000e+00
7.283179255678983166e-01 -9.096802523287936607e-03 0.000000000000000000e+00
7.281850565672433051e-01 -9.002907131035128158e-03 0.000000000000000000e+00
7.280557407200132225e-01 -8.904541874832390749e-03 0.000000000000000000e+00
7.279304104151677057e-01 -8.801545003167562595e-03 0.000000000000000000e+00
7.278094980416660587e-01 -8.693754764528474968e-03 0.000000000000000000e+00
7.276934359884675851e-01 -8.581009407402964348e-03 0.000000000000000000e+00
7.275826566445319221e-01 -8.463147180278860274e-03 0.000000000000000000e+00
7.274775923988182624e-01 -8.340006331643999224e-03 0.000000000000000000e+00
7.273786725133967179e-01 -8.211432207256693858e-03 0.000000000000000000e+00
7.272861860967312353e-01 -8.077588267131344951e-03 0.000000000000000000e+00
7.272002286387758696e-01 -7.939077437731433678e-03 0.000000000000000000e+00
7.271208814583473012e-01 -7.796534810522805919e-03 0.000000000000000000e+00
7.270482258742624326e-01 -7.650595476971306687e-03 0.000000000000000000e+00
7.269823305320639584e-01 -7.501886502705199661e-03 0.000000000000000000e+00
7.269229822283865827e-01 -7.350856461701524465e-03 0.000000000000000000e+00
7.268696911627822166e-01 -7.197778762205548839e-03 0.000000000000000000e+00
7.268219559120102646e-01 -7.042919451882602433e-03 0.000000000000000000e+00
7.267792750528294654e-01 -6.886544578398030511e-03 0.000000000000000000e+00
7.267411481882174451e-01 -6.728919691044831473e-03 0.000000000000000000e+00
7.267071678317217343e-01 -6.570265218056954917e-03 0.000000000000000000e+00
7.266770921818574980e-01 -6.410721124475431999e-03 0.000000000000000000e+00
7.266506965630965542e-01 -6.250419058296782446e-03 0.000000000000000000e+00
7.266277562999111650e-01 -6.089490667517546800e-03 0.000000000000000000e+00
7.266080467167735923e-01 -5.928067600134256064e-03 0.000000000000000000e+00
7.265913431381558762e-01 -5.766281504143436036e-03 0.000000000000000000e+00
7.265774208885301677e-01 -5.604264027541622055e-03 0.000000000000000000e+00
7.265660534225777401e-01 -5.442140883013194506e-03 0.000000000000000000e+00
7.265569916567479192e-01 -5.279966239724043220e-03 0.000000000000000000e+00
7.265499715766329247e-01 -5.117746871547221819e-03 0.000000000000000000e+00
7.265447289008506448e-01 -4.955488704895298462e-03 0.000000000000000000e+00
7.265409993480187456e-01 -4.793197666180843905e-03 0.000000000000000000e+00
7.265385186367554482e-01 -4.630879681816434112e-03 0.000000000000000000e+00
7.265370224856787518e-01 -4.468540678214635506e-03 0.000000000000000000e+00
7.265362466134066555e-01 -4.306186581788022313e-03 0.000000000000000000e+00
7.265359373286052191e-01 -4.143823081457929415e-03 0.000000000000000000e+00
7.265359781756324242e-01 -3.981452788513462765e-03 0.000000000000000000e+00
7.265363484428299934e-01 -3.819076167099873676e-03 0.000000000000000000e+00
7.265370293715923689e-01 -3.656693637563477196e-03 0.000000000000000000e+00
7.265380022033134377e-01 -3.494305620250595310e-03 0.000000000000000000e+00
7.265392481793876422e-01 -3.331912535507551738e-03 0.000000000000000000e+00
7.265407485412087585e-01 -3.169514803680661529e-03 0.000000000000000000e+00
7.265424845301712287e-01 -3.007112845116247969e-03 0.000000000000000000e+00
7.265444373876691619e-01 -2.844707080160630442e-03 0.000000000000000000e+00
7.265465883550966675e-01 -2.682297929160127464e-03 0.000000000000000000e+00
7.265489186738478544e-01 -2.519885812461063190e-03 0.000000000000000000e+00
7.265514095853170540e-01 -2.357471150409753968e-03 0.000000000000000000e+00
7.265540423308981532e-01 -2.195054363352520917e-03 0.000000000000000000e+00
7.265567981519855945e-01 -2.032635871635686889e-03 0.000000000000000000e+00
7.265596582899733757e-01 -1.870216095605567582e-03 0.000000000000000000e+00
7.265626039862553842e-01 -1.707795455608487585e-03 0.000000000000000000e+00
7.265656164822262841e-01 -1.545374371990762595e-03 0.000000000000000000e+00
7.265686770192800736e-01 -1.382953265098715899e-03 0.000000000000000000e+00
7.265717668388106398e-01 -1.220532555278668399e-03 0.000000000000000000e+00
7.265748671822123139e-01 -1.058112662876936876e-03 0.000000000000000000e+00
7.265779592908793161e-01 -8.956940082398435338e-04 0.000000000000000000e+00
7.265810244062058665e-01 -7.332770117137104660e-04 0.000000000000000000e+00
7.265840459455253919e-01 -5.708620461004572160e-04 0.000000000000000000e+00
7.265870216111095514e-01 -4.084491720753609238e-04 0.000000000000000000e+00
7.265899548666550078e-01 -2.460383244262411527e-04 0.000000000000000000e+00
7.265928491918109966e-01 -8.362943759235801468e-05 0.000000000000000000e+00
7.265957080662265311e-01 7.877755398702850043e-05 0.000000000000000000e+00
7.265985349695516238e-01 2.411827158726647454e-04 0.000000000000000000e+00
7.266013333814347330e-01 4.035861136252912452e-04 0.000000000000000000e+00
7.266041067815259824e-01 5.659878128056475494e-04 0.000000000000000000e+00
7.266068586494740522e-01 7.283878789744803765e-04 0.000000000000000000e+00
7.266095924649285109e-01 8.907863776925273921e-04 0.000000000000000000e+00
7.266123117075383719e-01 1.053183374520535315e-03 0.000000000000000000e+00
7.266150198569532037e-01 1.215578935019244033e-03 0.000000000000000000e+00
7.266177203928223527e-01 1.377973124749393109e-03 0.000000000000000000e+00
7.266204167947949433e-01 1.540366009271730563e-03 0.000000000000000000e+00
7.266231125425202109e-01 1.702757654146994874e-03 0.000000000000000000e+00
7.266258111156476129e-01 1.865148124935926471e-03 0.000000000000000000e+00
7.266285159938264959e-01 2.027537487199272508e-03 0.000000000000000000e+00
7.266312306567058732e-01 2.189925806497770161e-03 0.000000000000000000e+00
7.266339585839353132e-01 2.352313148392166150e-03 0.000000000000000000e+00
7.266367032551641625e-01 2.514699578443200471e-03 0.000000000000000000e+00
7.266394681500414343e-01 2.677085162211613120e-03 0.000000000000000000e+00
7.266422567482165862e-01 2.839469965258150600e-03 0.000000000000000000e+00
7.266450725293389645e-01 3.001854053143554208e-03 0.000000000000000000e+00
7.266479189730576937e-01 3.164237491428563507e-03 0.000000000000000000e+00
7.266507995590222313e-01 3.326620345673918493e-03 0.000000000000000000e+00
7.266537177668817016e-01 3.489002681440369139e-03 0.000000000000000000e+00
7.266566770762856731e-01 3.651384564288653704e-03 0.000000000000000000e+00
7.266596809668831591e-01 3.813766059779514356e-03 0.000000000000000000e+00
7.266627329183236172e-01 3.976147233473692824e-03 0.000000000000000000e+00
7.266658364102563938e-01 4.138528150931928239e-03 0.000000000000000000e+00
7.266689949223306133e-01 4.300908877714967535e-03 0.000000000000000000e+00
7.266722119341956221e-01 4.463289479383554179e-03 0.000000000000000000e+00
7.266754909255007666e-01 4.625670021498427299e-03 0.000000000000000000e+00
7.266788353758955044e-01 4.788050569620329495e-03 0.000000000000000000e+00
7.266822487650287377e-01 4.950431189310001631e-03 0.000000000000000000e+00
7.266857345725500350e-01 5.112811946128184570e-03 0.000000000000000000e+00
7.266892962781086318e-01 5.275192905635626983e-03 0.000000000000000000e+00
7.266929373613538745e-01 5.437574133393067131e-03 0.000000000000000000e+00
7.266966613019348875e-01 5.599955694961247614e-03 0.000000000000000000e+00
7.267004715795013503e-01 5.762337655900909295e-03 0.000000000000000000e+00
7.267043716737020542e-01 5.924720081772791302e-03 0.000000000000000000e+00
7.267083650641865677e-01 6.087103038137644910e-03 0.000000000000000000e+00
7.267124552306042373e-01 6.249486590556206644e-03 0.000000000000000000e+00
7.267166456526042984e-01 6.411870804589221706e-03 0.000000000000000000e+00
7.267209398098359863e-01 6.574255745797427490e-03 0.000000000000000000e+00
7.267253411819486475e-01 6.736641479741563993e-03 0.000000000000000000e+00
7.267298532485915175e-01 6.899028071982383353e-03 0.000000000000000000e+00
7.267344794894139426e-01 7.061415588080622967e-03 0.000000000000000000e+00
7.267392928416914755e-01 7.223798742925004526e-03 0.000000000000000000e+00
7.267448115648222906e-01 7.386137945990261036e-03 0.000000000000000000e+00
7.267517296943575289e-01 7.548380065825572791e-03 0.000000000000000000e+00
7.267607416956110011e-01 7.710471937873366634e-03 0.000000000000000000e+00
7.267725419398348707e-01 7.872360402072653071e-03 0.000000000000000000e+00
7.267875905094309807e-01 8.034003498458570924e-03 0.000000000000000000e+00
7.268056083289076152e-01 8.195394602249547050e-03 0.000000000000000000e+00
7.268261709150376504e-01 8.356534039829754609e-03 0.000000000000000000e+00
7.268488537845928521e-01 8.517422137583349415e-03 0.000000000000000000e+00
7.268732608699236541e-01 8.678057696509009628e-03 0.000000000000000000e+00
7.268992758907233398e-01 8.838424498254025818e-03 0.000000000000000000e+00
7.269269416538861606e-01 8.998497784456115783e-03 0.000000000000000000e+00
7.269563028025269880e-01 9.158252698182356086e-03 0.000000000000000000e+00
7.269874039797593612e-01 9.317664382499797268e-03 0.000000000000000000e+00
7.270202898286977078e-01 9.476707980475517629e-03 0.000000000000000000e+00
7.270550049924556779e-01 9.635358635176581588e-03 0.000000000000000000e+00
7.270915939500337544e-01 9.793591484454558863e-03 0.000000000000000000e+00
7.271300856112665745e-01 9.951381171378047633e-03 0.000000000000000000e+00
7.271704807176911922e-01 1.010870144383635774e-02 0.000000000000000000e+00
7.272127770457335050e-01 1.026552595548853482e-02 0.000000000000000000e+00
7.272569723718196322e-01 1.042182835999363837e-02 0.000000000000000000e+00
7.273030644723758043e-01 1.057758231101072789e-02 0.000000000000000000e+00
7.273510511238279186e-01 1.073276146219884208e-02 0.000000000000000000e+00
7.274009301026022056e-01 1.088733946721704392e-02 0.000000000000000000e+00
7.274526991851246738e-01 1.104128997972437728e-02 0.000000000000000000e+00
7.275063561478213314e-01 1.119458665337990516e-02 0.000000000000000000e+00
7.275618987671184090e-01 1.134720314184267317e-02 0.000000000000000000e+00
7.276193248194418040e-01 1.149911309877173736e-02 0.000000000000000000e+00
7.276786320812175246e-01 1.165029017782614855e-02 0.000000000000000000e+00
7.277398183254997210e-01 1.180070803480588564e-02 0.000000000000000000e+00
7.278028762440337252e-01 1.195034355127137099e-02 0.000000000000000000e+00
7.278677832285417315e-01 1.209918332167992001e-02 0.000000000000000000e+00
7.279345138026709350e-01 1.224721576122472962e-02 0.000000000000000000e+00
7.280030424900686414e-01 1.239442928509900191e-02 0.000000000000000000e+00
7.280733438143828229e-01 1.254081230849593900e-02 0.000000000000000000e+00
7.281453922992611183e-01 1.268635324660874128e-02 0.000000000000000000e+00
7.282191624683507225e-01 1.283104051463061258e-02 0.000000000000000000e+00
7.282946288452993855e-01 1.297486252775474982e-02 0.000000000000000000e+00
7.283717659537549682e-01 1.311780770117436032e-02 0.000000000000000000e+00
7.284505483173649987e-01 1.325986445008264097e-02 0.000000000000000000e+00
7.285309504597766717e-01 1.340102118967278870e-02 0.000000000000000000e+00
7.286129469046379592e-01 1.354126633513801602e-02 0.000000000000000000e+00
7.286965121755962782e-01 1.368058830167151983e-02 0.000000000000000000e+00
7.287816207962991566e-01 1.381897550446649532e-02 0.000000000000000000e+00
7.288682472903944554e-01 1.395641635871615327e-02 0.000000000000000000e+00
7.289563661815294804e-01 1.409289927961368365e-02 0.000000000000000000e+00
7.290459519933518706e-01 1.422841268235230071e-02 0.000000000000000000e+00
7.291369792502344627e-01 1.436294498585700616e-02 0.000000000000000000e+00
7.292294230202062133e-01 1.449648740644801127e-02 0.000000000000000000e+00
7.293232598800265531e-01 1.462903892365740449e-02 0.000000000000000000e+00
7.294184666660471494e-01 1.476059985275718182e-02 0.000000000000000000e+00
7.295150202146205576e-01 1.489117050901935663e-02 0.000000000000000000e+00
7.296128973620982228e-01 1.502075120771593358e-02 0.000000000000000000e+00
7.297120749448327004e-01 1.514934226411891044e-02 0.000000000000000000e+00
7.298125297991757687e-01 1.527694399350029708e-02 0.000000000000000000e+00
7.299142387614793170e-01 1.540355671113209299e-02 0.000000000000000000e+00
7.300171786680955677e-01 1.552918073228630284e-02 0.000000000000000000e+00
7.301213263553765209e-01 1.565381637223493480e-02 0.000000000000000000e+00
7.302266586596739550e-01 1.577746394624998660e-02 0.000000000000000000e+00
7.303331524173404254e-01 1.590012376960347334e-02 0.000000000000000000e+00
7.304407844647272663e-01 1.602179615756738409e-02 0.000000000000000000e+00
7.305495316381870330e-01 1.614248142541373221e-02 0.000000000000000000e+00
7.306593707740715038e-01 1.626217988841451717e-02 0.000000000000000000e+00
7.307702787087326790e-01 1.638089186184174886e-02 0.000000000000000000e+00
7.308822322785227810e-01 1.649861766096743024e-02 0.000000000000000000e+00
7.309952083197935879e-01 1.661535760106356077e-02 0.000000000000000000e+00
7.311091836688972112e-01 1.673111199740215035e-02 0.000000000000000000e+00
7.312241351621857621e-01 1.684588116525519499e-02 0.000000000000000000e+00
7.313400396360111300e-01 1.695966541989470458e-02 0.000000000000000000e+00
7.314568742715381600e-01 1.707246547504579284e-02 0.000000000000000000e+00
7.315746202170722023e-01 1.718428662871829271e-02 0.000000000000000000e+00
7.316932611608862880e-01 1.729513711401636442e-02 0.000000000000000000e+00
7.318127808327187234e-01 1.740502521196102617e-02 0.000000000000000000e+00
7.319331629623087032e-01 1.751395920357329619e-02 0.000000000000000000e+00
7.320543912793952002e-01 1.762194736987419963e-02 0.000000000000000000e+00
7.321764495137169648e-01 1.772899799188474082e-02 0.000000000000000000e+00
7.322993213950128588e-01 1.783511935062594492e-02 0.000000000000000000e+00
7.324229906530219658e-01 1.794031972711883013e-02 0.000000000000000000e+00
7.325474410174827034e-01 1.804460740238440081e-02 0.000000000000000000e+00
7.326726562181344882e-01 1.814799065744369250e-02 0.000000000000000000e+00
7.327986199847158488e-01 1.825047777331770954e-02 0.000000000000000000e+00
7.329253160469658690e-01 1.835207703102747015e-02 0.000000000000000000e+00
7.330527281346229662e-01 1.845279671159399601e-02 0.000000000000000000e+00
7.331808399774265572e-01 1.855264509603829493e-02 0.000000000000000000e+00
7.333096353051155036e-01 1.865163046538139899e-02 0.000000000000000000e+00
7.334390978474284450e-01 1.874976110064431600e-02 0.000000000000000000e+00
7.335692113341041320e-01 1.884704528284806072e-02 0.000000000000000000e+00
7.336999594948817593e-01 1.894349129301365828e-02 0.000000000000000000e+00
7.338313260594999665e-01 1.903910741216211649e-02 0.000000000000000000e+00
7.339632947576977262e-01 1.913390192131446052e-02 0.000000000000000000e+00
7.340958493192139001e-01 1.922788310149169816e-02 0.000000000000000000e+00
7.342289734737873497e-01 1.932105923371485803e-02 0.000000000000000000e+00
7.343626509511570477e-01 1.941343859900494448e-02 0.000000000000000000e+00
7.344968654810618558e-01 1.950502947838298959e-02 0.000000000000000000e+00
7.346316007932404135e-01 1.959584015286999770e-02 0.000000000000000000e+00
7.347668406174318045e-01 1.968587890348699049e-02 0.000000000000000000e+00
7.349025687597220413e-01 1.977515399906308591e-02 0.000000000000000000e+00
7.350387725380005399e-01 1.986367314762552821e-02 0.000000000000000000e+00
7.351754441743109103e-01 1.995144327405463935e-02 0.000000000000000000e+00
7.353125762552846778e-01 2.003847124500939339e-02 0.000000000000000000e+00
7.354501613675537008e-01 2.012476392714876092e-02 0.000000000000000000e+00
7.355881920977497268e-01 2.021032818713167437e-02 0.000000000000000000e+00
7.357266610325047251e-01 2.029517089161712862e-02 0.000000000000000000e+00
7.358655607584504432e-01 2.037929890726406651e-02 0.000000000000000000e+00
7.360048838622187395e-01 2.046271910073144823e-02 0.000000000000000000e+00
7.361446229304414723e-01 2.054543833867825131e-02 0.000000000000000000e+00
7.362847705497502782e-01 2.062746348776341165e-02 0.000000000000000000e+00
7.364253193067772374e-01 2.070880141464591373e-02 0.000000000000000000e+00
7.365662617881539864e-01 2.078945898598471079e-02 0.000000000000000000e+00
7.367075905805126057e-01 2.086944306843875954e-02 0.000000000000000000e+00
7.368492982704845096e-01 2.094876052866703406e-02 0.000000000000000000e+00
7.369913774447020005e-01 2.102741823332848065e-02 0.000000000000000000e+00
7.371338206897966039e-01 2.110542304908206990e-02 0.000000000000000000e+00
7.372766205924001781e-01 2.118278184258676200e-02 0.000000000000000000e+00
7.374197697391446926e-01 2.125950148050151367e-02 0.000000000000000000e+00
7.375632607166616728e-01 2.133558882948529203e-02 0.000000000000000000e+00
7.377070861115831990e-01 2.141105075619705728e-02 0.000000000000000000e+00
7.378512385105411298e-01 2.148589412729577652e-02 0.000000000000000000e+00
7.379957105001672124e-01 2.156012580944039261e-02 0.000000000000000000e+00
7.381404946670931944e-01 2.163375266928988655e-02 0.000000000000000000e+00
7.382855835979509340e-01 2.170678157350321505e-02 0.000000000000000000e+00
7.384309698793724008e-01 2.177921938873932789e-02 0.000000000000000000e+00
7.385766460979893422e-01 2.185107298165720607e-02 0.000000000000000000e+00
7.387226048404336165e-01 2.192234921891579591e-02 0.000000000000000000e+00
7.388688386933368601e-01 2.199305496717406452e-02 0.000000000000000000e+00
7.390153402433309315e-01 2.206319709309097557e-02 0.000000000000000000e+00
7.391621020770479111e-01 2.213278246332547883e-02 0.000000000000000000e+00
7.393091172842695125e-01 2.220181765691842807e-02 0.000000000000000000e+00
7.394563815335626344e-01 2.227030777878611853e-02 0.000000000000000000e+00
7.396038913174373119e-01 2.233825746285068164e-02 0.000000000000000000e+00
7.397516431287658456e-01 2.240567134282671347e-02 0.000000000000000000e+00
7.398996334604208691e-01 2.247255405242878576e-02 0.000000000000000000e+00
7.400478588052747941e-01 2.253891022537151193e-02 0.000000000000000000e+00
7.401963156561999213e-01 2.260474449536946373e-02 0.000000000000000000e+00
7.403450005060689953e-01 2.267006149613724417e-02 0.000000000000000000e+00
7.404939098477547610e-01 2.273486586138944235e-02 0.000000000000000000e+00
7.406430401741291858e-01 2.279916222484065086e-02 0.000000000000000000e+00
7.407923879780652365e-01 2.286295522020546228e-02 0.000000000000000000e+00
7.409419497524353249e-01 2.292624948119846920e-02 0.000000000000000000e+00
7.410917219901119735e-01 2.298904964153426073e-02 0.000000000000000000e+00
7.412417011839673719e-01 2.305136033492742598e-02 0.000000000000000000e+00
7.413918838268743761e-01 2.311318619509255406e-02 0.000000000000000000e+00
7.415422664117056195e-01 2.317453185574425145e-02 0.000000000000000000e+00
7.416928454313331809e-01 2.323540195059708990e-02 0.000000000000000000e+00
7.418436173786299159e-01 2.329580111336567588e-02 0.000000000000000000e+00
7.419945787464681253e-01 2.335573397776459850e-02 0.000000000000000000e+00
7.421457260277205537e-01 2.341520517750844341e-02 0.000000000000000000e+00
7.422970557152593907e-01 2.347421934631179971e-02 0.000000000000000000e+00
7.424485643019574921e-01 2.353278111788927388e-02 0.000000000000000000e+00
7.426002482806872695e-01 2.359089512595544808e-02 0.000000000000000000e+00
7.427521041443209127e-01 2.364856600422490795e-02 0.000000000000000000e+00
7.429041283857313882e-01 2.370579838641225304e-02 0.000000000000000000e+00
7.430563174977909968e-01 2.376259690623207244e-02 0.000000000000000000e+00
7.432086679733722612e-01 2.381896619739896220e-02 0.000000000000000000e+00
7.433611763053477040e-01 2.387491089362751492e-02 0.000000000000000000e+00
7.435138389865898478e-01 2.393043562863230930e-02 0.000000000000000000e+00
7.436666525099713265e-01 2.398554503612794486e-02 0.000000000000000000e+00
7.438196133683644407e-01 2.404024374982902112e-02 0.000000000000000000e+00
7.439727180546417129e-01 2.409453640345011333e-02 0.000000000000000000e+00
7.441259630616758880e-01 2.414842763070582446e-02 0.000000000000000000e+00
7.442793448823390445e-01 2.420192206531074711e-02 0.000000000000000000e+00
7.444328600573887345e-01 2.425502430073740723e-02 0.000000000000000000e+00
7.445865059971250588e-01 2.430773819969427041e-02 0.000000000000000000e+00
7.447402808693054377e-01 2.436006698832331521e-02 0.000000000000000000e+00
7.448941828670208043e-01 2.441201387147658164e-02 0.000000000000000000e+00
7.450482101833614257e-01 2.446358205400606112e-02 0.000000000000000000e+00
7.452023610114181240e-01 2.451477474076375895e-02 0.000000000000000000e+00
7.453566335442812774e-01 2.456559513660169780e-02 0.000000000000000000e+00
7.455110259750415969e-01 2.461604644637187950e-02 0.000000000000000000e+00
7.456655364967899047e-01 2.466613187492632669e-02 0.000000000000000000e+00
7.458201633026166899e-01 2.471585462711704123e-02 0.000000000000000000e+00
7.459749045856122196e-01 2.476521790779602147e-02 0.000000000000000000e+00
7.461297585388674269e-01 2.481422492181530742e-02 0.000000000000000000e+00
7.462847233554728010e-01 2.486287887402688010e-02 0.000000000000000000e+00
7.464397972285191640e-01 2.491118296928277603e-02 0.000000000000000000e+00
7.465949783510970050e-01 2.495914041243498319e-02 0.000000000000000000e+00
7.467502649162965911e-01 2.500675440833552074e-02 0.000000000000000000e+00
7.469056551172088554e-01 2.505402816183640094e-02 0.000000000000000000e+00
7.470611471469242870e-01 2.510096487778962562e-02 0.000000000000000000e+00
7.472167391985338192e-01 2.514756776104722438e-02 0.000000000000000000e+00
7.473724294651276079e-01 2.519384001646118518e-02 0.000000000000000000e+00
7.475282161397963643e-01 2.523978484888353413e-02 0.000000000000000000e+00
7.476840974156307995e-01 2.528540546316626614e-02 0.000000000000000000e+00
7.478400714857214027e-01 2.533070506416141079e-02 0.000000000000000000e+00
7.479961365431589959e-01 2.537568685672097341e-02 0.000000000000000000e+00
7.481522907810340683e-01 2.542035404569694887e-02 0.000000000000000000e+00
7.483085323924371091e-01 2.546470983594136678e-02 0.000000000000000000e+00
7.484648595704588292e-01 2.550875743230623244e-02 0.000000000000000000e+00
7.486212705081897179e-01 2.555250003964354769e-02 0.000000000000000000e+00
7.487777633987204862e-01 2.559594086280532824e-02 0.000000000000000000e+00
7.489343364351417343e-01 2.563908310664358287e-02 0.000000000000000000e+00
7.490909878709204328e-01 2.568192989171689394e-02 0.000000000000000000e+00
7.492477165836025632e-01 2.572448346729080612e-02 0.000000000000000000e+00
7.494045218192576518e-01 2.576674556812287575e-02 0.000000000000000000e+00
7.495614028287331809e-01 2.580871792230165357e-02 0.000000000000000000e+00
7.497183588628759665e-01 2.585040225791566948e-02 0.000000000000000000e+00
7.498753891725336018e-01 2.589180030305348462e-02 0.000000000000000000e+00
7.500324930085525699e-01 2.593291378580360115e-02 0.000000000000000000e+00
7.501896696217804639e-01 2.597374443425459409e-02 0.000000000000000000e+00
7.503469182630639889e-01 2.601429397649498987e-02 0.000000000000000000e+00
7.505042381832504050e-01 2.605456414061332188e-02 0.000000000000000000e+00
7.506616286331867505e-01 2.609455665469813390e-02 0.000000000000000000e+00
7.508190888637202853e-01 2.613427324683796280e-02 0.000000000000000000e+00
7.509766181256976036e-01 2.617371564512135235e-02 0.000000000000000000e+00
7.511342156699664097e-01 2.621288557763684982e-02 0.000000000000000000e+00
7.512918807473734084e-01 2.625178477247297124e-02 0.000000000000000000e+00
7.514496126087656380e-01 2.629041495771827774e-02 0.000000000000000000e+00
7.516074105049903586e-01 2.632877786146129925e-02 0.000000000000000000e+00
7.517652736868947194e-01 2.636687521179057955e-02 0.000000000000000000e+00
7.519232014053256474e-01 2.640470873679465549e-02 0.000000000000000000e+00
7.520811929111302918e-01 2.644228016456206393e-02 0.000000000000000000e+00
7.522392474551554686e-01 2.647959122318134517e-02 0.000000000000000000e+00
7.523973642882487711e-01 2.651664364074104996e-02 0.000000000000000000e+00
7.525555426612570153e-01 2.655343914532970473e-02 0.000000000000000000e+00
7.527137818250270174e-01 2.658997946503584286e-02 0.000000000000000000e+00
7.528720810304065925e-01 2.662626632794802897e-02 0.000000000000000000e+00
7.530304395282418906e-01 2.666230146215477562e-02 0.000000000000000000e+00
7.531888565693807269e-01 2.669808659574463700e-02 0.000000000000000000e+00
7.533473314046699176e-01 2.673362345680614996e-02 0.000000000000000000e+00
7.535058632849563898e-01 2.676891377342785136e-02 0.000000000000000000e+00
7.536644514610875145e-01 2.680395927369828152e-02 0.000000000000000000e+00
7.538230951839103300e-01 2.683876168570598769e-02 0.000000000000000000e+00
7.539817937042716522e-01 2.687332273753949632e-02 0.000000000000000000e+00
7.541405462730187415e-01 2.690764415728735814e-02 0.000000000000000000e+00
7.542993521409989688e-01 2.694172767303810306e-02 0.000000000000000000e+00
7.544582105590588172e-01 2.697557501288028181e-02 0.000000000000000000e+00
7.546171207780461021e-01 2.700918790490242083e-02 0.000000000000000000e+00
7.547760820488070843e-01 2.704256807719306391e-02 0.000000000000000000e+00
7.549350936221893571e-01 2.707571725784075137e-02 0.000000000000000000e+00
7.550941547490399586e-01 2.710863717493403394e-02 0.000000000000000000e+00
7.552532646802059269e-01 2.714132955656143459e-02 0.000000000000000000e+00
7.554124226665345221e-01 2.717379613081149711e-02 0.000000000000000000e+00
7.555716279588722273e-01 2.720603862577276183e-02 0.000000000000000000e+00
7.557308798080666357e-01 2.723805876953377253e-02 0.000000000000000000e+00
7.558901774649650074e-01 2.726985829018306259e-02 0.000000000000000000e+00
7.560495201804140475e-01 2.730143891580917234e-02 0.000000000000000000e+00
7.562089072052607941e-01 2.733280237450064556e-02 0.000000000000000000e+00
7.563683377903525074e-01 2.736395039434601911e-02 0.000000000000000000e+00
7.565278111865363364e-01 2.739488470343383331e-02 0.000000000000000000e+00
7.566873266446594304e-01 2.742560702985262847e-02 0.000000000000000000e+00
7.568468834155686054e-01 2.745611910169094144e-02 0.000000000000000000e+00
7.570064807501110105e-01 2.748642264703731256e-02 0.000000000000000000e+00
7.571661178991337948e-01 2.751651939398027866e-02 0.000000000000000000e+00
7.573257941134839966e-01 2.754641107060838701e-02 0.000000000000000000e+00
7.574855086440087648e-01 2.757609940501017098e-02 0.000000000000000000e+00
7.576452607415550267e-01 2.760558612527416397e-02 0.000000000000000000e+00
7.578050496569700423e-01 2.763487295948891323e-02 0.000000000000000000e+00
7.579648746411009608e-01 2.766396163574295561e-02 0.000000000000000000e+00
7.581247349447945982e-01 2.769285388212484531e-02 0.000000000000000000e+00
7.582846298188982148e-01 2.772155142672309489e-02 0.000000000000000000e+00
7.584445585142587376e-01 2.775005599762626549e-02 0.000000000000000000e+00
7.586045202817237598e-01 2.777836932292289049e-02 0.000000000000000000e+00
7.587645143721395424e-01 2.780649313070149981e-02 0.000000000000000000e+00
7.589245400363537897e-01 2.783442914905064416e-02 0.000000000000000000e+00
7.590845965252134286e-01 2.786217910605885695e-02 0.000000000000000000e+00
7.592446830895654974e-01 2.788974472981468541e-02 0.000000000000000000e+00
7.594047989802570342e-01 2.791712774840666295e-02 0.000000000000000000e+00
7.595649434482839579e-01 2.794432988966630282e-02 0.000000000000000000e+00
7.597251158668903992e-01 2.797135267022477639e-02 0.000000000000000000e+00
7.598853159526863799e-01 2.799819701350571635e-02 0.000000000000000000e+00
7.600455434821187239e-01 2.802486373955487275e-02 0.000000000000000000e+00
7.602057982316346996e-01 2.805135366841799913e-02 0.000000000000000000e+00
7.603660799776816859e-01 2.807766762014086981e-02 0.000000000000000000e+00
7.605263884967068400e-01 2.810380641476922792e-02 0.000000000000000000e+00
7.606867235651573189e-01 2.812977087234883392e-02 0.000000000000000000e+00
7.608470849594809460e-01 2.815556181292544827e-02 0.000000000000000000e+00
7.610074724561245452e-01 2.818118005654483144e-02 0.000000000000000000e+00
7.611678858315350515e-01 2.820662642325273348e-02 0.000000000000000000e+00
7.613283248621605104e-01 2.823190173309491138e-02 0.000000000000000000e+00
7.614887893244477457e-01 2.825700680611712909e-02 0.000000000000000000e+00
7.616492789948441366e-01 2.828194246236514359e-02 0.000000000000000000e+00
7.618097936497969513e-01 2.830670952188471534e-02 0.000000000000000000e+00
7.619703330657533469e-01 2.833130880472158747e-02 0.000000000000000000e+00
7.621308970191608134e-01 2.835574113092153431e-02 0.000000000000000000e+00
7.622914852864665081e-01 2.838000732053029898e-02 0.000000000000000000e+00
7.624520976441178099e-01 2.840410819359365582e-02 0.000000000000000000e+00
7.626127338685618762e-01 2.842804457015734795e-02 0.000000000000000000e+00
7.627733937362457528e-01 2.845181727026713930e-02 0.000000000000000000e+00
7.629340770236170410e-01 2.847542711396877993e-02 0.000000000000000000e+00
7.630947835071230090e-01 2.849887492130804070e-02 0.000000000000000000e+00
7.632555129632108137e-01 2.852216151233067168e-02 0.000000000000000000e+00
7.634162651683279455e-01 2.854528770708242638e-02 0.000000000000000000e+00
7.635770398989213392e-01 2.856825432560907221e-02 0.000000000000000000e+00
7.637378369314383741e-01 2.859106218795635923e-02 0.000000000000000000e+00
7.638986560423264294e-01 2.861371211417004443e-02 0.000000000000000000e+00
7.640594970080327730e-01 2.863620492429588826e-02 0.000000000000000000e+00
7.642203596050046732e-01 2.865854143837964774e-02 0.000000000000000000e+00
7.643812436096892871e-01 2.868072247646708331e-02 0.000000000000000000e+00
7.645421487985339937e-01 2.870274885860394851e-02 0.000000000000000000e+00
7.647030749479859502e-01 2.872462140483600379e-02 0.000000000000000000e+00
7.648640218344927577e-01 2.874634093520900616e-02 0.000000000000000000e+00
7.650249892345011293e-01 2.876790826976870566e-02 0.000000000000000000e+00
7.651859769244588882e-01 2.878932422856087317e-02 0.000000000000000000e+00
7.653469846808130805e-01 2.881058963163126221e-02 0.000000000000000000e+00
7.655080122800107523e-01 2.883170529902561591e-02 0.000000000000000000e+00
7.656690594984996157e-01 2.885267205078971553e-02 0.000000000000000000e+00
7.658301261127267168e-01 2.887349070696930073e-02 0.000000000000000000e+00
7.659912118991393237e-01 2.889416208761013891e-02 0.000000000000000000e+00
7.661523166341848157e-01 2.891468701275798012e-02 0.000000000000000000e+00
7.663134400943101276e-01 2.893506630245858829e-02 0.000000000000000000e+00
7.664745820559628608e-01 2.895530077675771696e-02 0.000000000000000000e+00
7.666357422955901724e-01 2.897539125570111965e-02 0.000000000000000000e+00
7.667969205896393303e-01 2.899533855933455681e-02 0.000000000000000000e+00
7.669581167145580469e-01 2.901514350770380626e-02 0.000000000000000000e+00
7.671193304467928131e-01 2.903480692085459378e-02 0.000000000000000000e+00
7.672805615627916742e-01 2.905432961883269716e-02 0.000000000000000000e+00
7.674418098390011211e-01 2.907371242168386299e-02 0.000000000000000000e+00
7.676030750518689771e-01 2.909295614945385869e-02 0.000000000000000000e+00
7.677643569778423993e-01 2.911206162218843083e-02 0.000000000000000000e+00
7.679256553933686558e-01 2.913102965993334681e-02 0.000000000000000000e+00
7.680869700748950146e-01 2.914986108273436016e-02 0.000000000000000000e+00
7.682483007988685220e-01 2.916855671063722788e-02 0.000000000000000000e+00
7.684096473417368900e-01 2.918711736368770349e-02 0.000000000000000000e+00
7.685710094799470538e-01 2.920554386193155438e-02 0.000000000000000000e+00
7.687323869899463924e-01 2.922383702541453757e-02 0.000000000000000000e+00
7.688937796481822851e-01 2.924199767418239962e-02 0.000000000000000000e+00
7.690551872311017778e-01 2.926002662828090448e-02 0.000000000000000000e+00
7.692166095151523608e-01 2.927792470775580913e-02 0.000000000000000000e+00
7.693780462767810802e-01 2.929569273265287752e-02 0.000000000000000000e+00
7.695394972924353150e-01 2.931333152301785275e-02 0.000000000000000000e+00
7.697009623385623334e-01 2.933084189889650223e-02 0.000000000000000000e+00
7.698624411916096255e-01 2.934822468033458989e-02 0.000000000000000000e+00
7.700239336423435610e-01 2.936548064388109364e-02 0.000000000000000000e+00
7.701854395503912043e-01 2.938261035690842293e-02 0.000000000000000000e+00
7.703469587960546372e-01 2.939961432398773000e-02 0.000000000000000000e+00
7.705084912596396052e-01 2.941649304967802400e-02 0.000000000000000000e+00
7.706700368214512986e-01 2.943324703853834184e-02 0.000000000000000000e+00
7.708315953617957961e-01 2.944987679512771697e-02 0.000000000000000000e+00
7.709931667609790651e-01 2.946638282400518283e-02 0.000000000000000000e+00
7.711547508993058520e-01 2.948276562972975898e-02 0.000000000000000000e+00
7.713163476570827903e-01 2.949902571686049621e-02 0.000000000000000000e+00
7.714779569146149596e-01 2.951516358995641409e-02 0.000000000000000000e+00
7.716395785522084383e-01 2.953117975357654260e-02 0.000000000000000000e+00
7.718012124501685278e-01 2.954707471227991517e-02 0.000000000000000000e+00
7.719628584888010847e-01 2.956284897062556871e-02 0.000000000000000000e+00
7.721245165484118544e-01 2.957850303317253321e-02 0.000000000000000000e+00
7.722861865093064715e-01 2.959403740447983169e-02 0.000000000000000000e+00
7.724478682517903483e-01 2.960945258910649761e-02 0.000000000000000000e+00
7.726095616561697854e-01 2.962474909161157480e-02 0.000000000000000000e+00
7.727712666027497512e-01 2.963992741655407590e-02 0.000000000000000000e+00
7.729329829718362133e-01 2.965498806849304475e-02 0.000000000000000000e+00
7.730947106437351390e-01 2.966993155198751828e-02 0.000000000000000000e+00
7.732564494987516079e-01 2.968475837159650910e-02 0.000000000000000000e+00
7.734181994171918095e-01 2.969946903187906453e-02 0.000000000000000000e+00
7.735799602793613783e-01 2.971406403739421109e-02 0.000000000000000000e+00
7.737417319655656156e-01 2.972854389270097528e-02 0.000000000000000000e+00
7.739035143561106000e-01 2.974290910235839747e-02 0.000000000000000000e+00
7.740653073313017440e-01 2.975716017092550070e-02 0.000000000000000000e+00
7.742271107714447931e-01 2.977129760296132882e-02 0.000000000000000000e+00
7.743889245568453816e-01 2.978532190302489446e-02 0.000000000000000000e+00
7.745507485678093662e-01 2.979923357567524494e-02 0.000000000000000000e+00
7.747125826846424923e-01 2.981303312547140330e-02 0.000000000000000000e+00
7.748744267876500613e-01 2.982672105697240644e-02 0.000000000000000000e+00
7.750362807571379298e-01 2.984029787473728434e-02 0.000000000000000000e+00
7.751981444734117321e-01 2.985376408332506004e-02 0.000000000000000000e+00
7.753600178167773249e-01 2.986712018729478085e-02 0.000000000000000000e+00
7.755219006675404536e-01 2.988036669120547328e-02 0.000000000000000000e+00
7.756837929060063086e-01 2.989350409961614996e-02 0.000000000000000000e+00
7.758456944124808574e-01 2.990653291708586167e-02 0.000000000000000000e+00
7.760076050672697345e-01 2.991945364817364186e-02 0.000000000000000000e+00
7.761695247506789075e-01 2.993226679743851010e-02 0.000000000000000000e+00
7.763314533430137887e-01 2.994497286943951023e-02 0.000000000000000000e+00
7.764933907245799016e-01 2.995757236873565835e-02 0.000000000000000000e+00
7.766553367756832138e-01 2.997006579988600178e-02 0.000000000000000000e+00
7.768172913766292487e-01 2.998245366744955662e-02 0.000000000000000000e+00
7.769792544077238627e-01 2.999473647598536671e-02 0.000000000000000000e+00
7.771412257492724684e-01 3.000691473005245857e-02 0.000000000000000000e+00
7.773032052815805892e-01 3.001898893420985176e-02 0.000000000000000000e+00
7.774651928849545257e-01 3.003095959301661094e-02 0.000000000000000000e+00
7.776271884396996903e-01 3.004282721103173487e-02 0.000000000000000000e+00
7.777891918261213844e-01 3.005459229281427086e-02 0.000000000000000000e+00
7.779512029245257976e-01 3.006625534292324542e-02 0.000000000000000000e+00
7.781132216152182313e-01 3.007781686591768158e-02 0.000000000000000000e+00
7.782752477785045420e-01 3.008927736635663708e-02 0.000000000000000000e+00
7.784372812946903641e-01 3.010063734879910718e-02 0.000000000000000000e+00
7.785993220440814433e-01 3.011189731780415310e-02 0.000000000000000000e+00
7.787613699069835249e-01 3.012305777793079092e-02 0.000000000000000000e+00
7.789234247637019104e-01 3.013411923373805756e-02 0.000000000000000000e+00
7.790854864945426783e-01 3.014508218978498993e-02 0.000000000000000000e+00
7.792475549798112411e-01 3.015594715063060413e-02 0.000000000000000000e+00
7.794096300998135662e-01 3.016671462083394400e-02 0.000000000000000000e+00
7.795717117348548442e-01 3.017738510495403606e-02 0.000000000000000000e+00
7.797337997652414865e-01 3.018795910754991374e-02 0.000000000000000000e+00
7.798958940712784615e-01 3.019843713318060702e-02 0.000000000000000000e+00
7.800579945332716258e-01 3.020881968640513893e-02 0.000000000000000000e+00
7.802201010315270580e-01 3.021910727178256373e-02 0.000000000000000000e+00
7.803822134463499482e-01 3.022930039387189752e-02 0.000000000000000000e+00
7.805443316580463753e-01 3.023939955723216333e-02 0.000000000000000000e+00
7.807064555469215295e-01 3.024940526642240848e-02 0.000000000000000000e+00
7.808685849932816003e-01 3.025931802600165949e-02 0.000000000000000000e+00
7.810307198774318893e-01 3.026913834052894631e-02 0.000000000000000000e+00
7.811928600796781419e-01 3.027886671456329892e-02 0.000000000000000000e+00
7.813550054803263256e-01 3.028850365266375078e-02 0.000000000000000000e+00
7.815171559596817419e-01 3.029804965938933184e-02 0.000000000000000000e+00
7.816793113980501362e-01 3.030750523929908249e-02 0.000000000000000000e+00
7.818414716757373650e-01 3.031687089695201537e-02 0.000000000000000000e+00
7.820036366730490629e-01 3.032614713690717778e-02 0.000000000000000000e+00
7.821658062702907532e-01 3.033533446372359971e-02 0.000000000000000000e+00
7.823279803477681815e-01 3.034443338196030071e-02 0.000000000000000000e+00
7.824901587857872043e-01 3.035344439617632811e-02 0.000000000000000000e+00
7.826523414646531229e-01 3.036236801093070495e-02 0.000000000000000000e+00
7.828145282658078852e-01 3.037120472740019450e-02 0.000000000000000000e+00
7.829767191072026788e-01 3.037995493803648250e-02 0.000000000000000000e+00
7.831389139502165087e-01 3.038861890596887896e-02 0.000000000000000000e+00
7.833011127587600209e-01 3.039719688678603482e-02 0.000000000000000000e+00
7.834633154967440838e-01 3.040568913607659060e-02 0.000000000000000000e+00
7.836255221280793437e-01 3.041409590942920071e-02 0.000000000000000000e+00
7.837877326166768910e-01 3.042241746243250222e-02 0.000000000000000000e+00
7.839499469264471498e-01 3.043065405067515647e-02 0.000000000000000000e+00
7.841121650213009886e-01 3.043880592974579705e-02 0.000000000000000000e+00
7.842743868651494976e-01 3.044687335523308877e-02 0.000000000000000000e+00
7.844366124219034342e-01 3.045485658272566870e-02 0.000000000000000000e+00
7.845988416554733336e-01 3.046275586781219472e-02 0.000000000000000000e+00
7.847610745297700641e-01 3.047057146608129000e-02 0.000000000000000000e+00
7.849233110087044940e-01 3.047830363312163671e-02 0.000000000000000000e+00
7.850855510561873807e-01 3.048595262452185456e-02 0.000000000000000000e+00
7.852477946361295924e-01 3.049351869587060837e-02 0.000000000000000000e+00
7.854100417124419975e-01 3.050100210275653867e-02 0.000000000000000000e+00
7.855722922490351312e-01 3.050840310076829640e-02 0.000000000000000000e+00
7.857345462098199729e-01 3.051572194549452902e-02 0.000000000000000000e+00
7.858968035587072798e-01 3.052295889252387706e-02 0.000000000000000000e+00
7.860590642596078093e-01 3.053011419744500535e-02 0.000000000000000000e+00
7.862213282764324296e-01 3.053718811584654746e-02 0.000000000000000000e+00
7.863835955730920091e-01 3.054418090331716129e-02 0.000000000000000000e+00
7.865458661134971940e-01 3.055109281544548736e-02 0.000000000000000000e+00
7.867081398615588528e-01 3.055792410782018007e-02 0.000000000000000000e+00
7.868704167811875205e-01 3.056467503602987301e-02 0.000000000000000000e+00
7.870326968362943987e-01 3.057134585566323101e-02 0.000000000000000000e+00
7.871949799907903556e-01 3.057793682230890153e-02 0.000000000000000000e+00
7.873572662085857043e-01 3.058444819155552163e-02 0.000000000000000000e+00
7.875195554535916465e-01 3.059088021899174920e-02 0.000000000000000000e+00
7.876818476897189392e-01 3.059723316020622128e-02 0.000000000000000000e+00
7.878441428808783398e-01 3.060350727078759922e-02 0.000000000000000000e+00
7.880064409909801615e-01 3.060970280632451662e-02 0.000000000000000000e+00
7.881687419839360498e-01 3.061582002240563483e-02 0.000000000000000000e+00
7.883310458236560958e-01 3.062185917461959089e-02 0.000000000000000000e+00
7.884933524740516120e-01 3.062782051855504270e-02 0.000000000000000000e+00
7.886556618990330225e-01 3.063370430980063425e-02 0.000000000000000000e+00
7.888179740625113068e-01 3.063951080394500953e-02 0.000000000000000000e+00
7.889802889283973331e-01 3.064524025657682990e-02 0.000000000000000000e+00
7.891426064606015256e-01 3.065089292328471507e-02 0.000000000000000000e+00
7.893049266230353078e-01 3.065646905965735067e-02 0.000000000000000000e+00
7.894672493796087709e-01 3.066196892128335988e-02 0.000000000000000000e+00
7.896295746942333382e-01 3.066739276375139364e-02 0.000000000000000000e+00
7.897919025308192120e-01 3.067274084265009595e-02 0.000000000000000000e+00
7.899542328532778157e-01 3.067801341356813510e-02 0.000000000000000000e+00
7.901165656255195735e-01 3.068321073209413427e-02 0.000000000000000000e+00
7.902789008114552427e-01 3.068833305381675827e-02 0.000000000000000000e+00
7.904412383749959137e-01 3.069338063432465805e-02 0.000000000000000000e+00
7.906035782800518996e-01 3.069835372920645677e-02 0.000000000000000000e+00
7.907659204905344019e-01 3.070325259405082274e-02 0.000000000000000000e+00
7.909282649703542889e-01 3.070807748444641036e-02 0.000000000000000000e+00
7.910906116834219848e-01 3.071282865598184975e-02 0.000000000000000000e+00
7.912529605936486909e-01 3.071750636424579878e-02 0.000000000000000000e+00
7.914153116649450537e-01 3.072211086482691533e-02 0.000000000000000000e+00
7.915776648612216082e-01 3.072664241331381565e-02 0.000000000000000000e+00
7.917400201463894449e-01 3.073110126529517150e-02 0.000000000000000000e+00
7.919023774843593211e-01 3.073548767635963380e-02 0.000000000000000000e+00
7.920647368390419940e-01 3.073980190209584656e-02 0.000000000000000000e+00
7.922270981743481100e-01 3.074404419809245032e-02 0.000000000000000000e+00
7.923894614541888703e-01 3.074821481993810293e-02 0.000000000000000000e+00
7.925518266424745883e-01 3.075231402322144147e-02 0.000000000000000000e+00
7.927141937031163543e-01 3.075634206353111688e-02 0.000000000000000000e+00
7.928765626000249256e-01 3.076029919645578356e-02 0.000000000000000000e+00
7.930389332971110594e-01 3.076418567758408898e-02 0.000000000000000000e+00
7.932013057582858462e-01 3.076800176250468061e-02 0.000000000000000000e+00
7.933636799474595991e-01 3.077174770680619550e-02 0.000000000000000000e+00
7.935260558285432975e-01 3.077542376607729849e-02 0.000000000000000000e+00
7.936884333654476986e-01 3.077903019590662315e-02 0.000000000000000000e+00
7.938508125220837819e-01 3.078256725188282736e-02 0.000000000000000000e+00
7.940131932623623046e-01 3.078603518959455512e-02 0.000000000000000000e+00
7.941755755501941350e-01 3.078943426463046085e-02 0.000000000000000000e+00
7.943379593494896973e-01 3.079276473257918159e-02 0.000000000000000000e+00
7.945003446241599709e-01 3.079602684902936829e-02 0.000000000000000000e+00
7.946627313381158242e-01 3.079922086956967189e-02 0.000000000000000000e+00
7.948251194552682364e-01 3.080234704978874333e-02 0.000000000000000000e+00
7.949875089395277428e-01 3.080540564527522313e-02 0.000000000000000000e+00
7.951498997548052117e-01 3.080839691161776570e-02 0.000000000000000000e+00
7.953122918650114004e-01 3.081132110440501851e-02 0.000000000000000000e+00
7.954746852340570662e-01 3.081417847922562209e-02 0.000000000000000000e+00
7.956370798258531885e-01 3.081696929166823432e-02 0.000000000000000000e+00
7.957994756043105244e-01 3.081969379732149919e-02 0.000000000000000000e+00
7.959618725333398315e-01 3.082235225177406765e-02 0.000000000000000000e+00
7.961242705768517558e-01 3.082494491061457675e-02 0.000000000000000000e+00
7.962866696987571657e-01 3.082747202943168438e-02 0.000000000000000000e+00
7.964490698629671517e-01 3.082993386381403800e-02 0.000000000000000000e+00
7.966114710333921378e-01 3.083233066935027814e-02 0.000000000000000000e+00
7.967738731739431035e-01 3.083466270162907308e-02 0.000000000000000000e+00
7.969362762485305840e-01 3.083693021623904601e-02 0.000000000000000000e+00
7.970986802210660027e-01 3.083913346876885828e-02 0.000000000000000000e+00
7.972610850554595618e-01 3.084127271480716082e-02 0.000000000000000000e+00
7.974234907156221297e-01 3.084334820994258028e-02 0.000000000000000000e+00
7.975858971654651297e-01 3.084536020976380230e-02 0.000000000000000000e+00
7.977483043688982089e-01 3.084730896985942925e-02 0.000000000000000000e+00
7.979107122898331239e-01 3.084919474581814675e-02 0.000000000000000000e+00
7.980731208921804098e-01 3.085101779322859186e-02 0.000000000000000000e+00
7.982355301398508240e-01 3.085277836767940512e-02 0.000000000000000000e+00
7.983979399967550128e-01 3.085447672475924094e-02 0.000000000000000000e+00
7.985603504268039554e-01 3.085611312005674331e-02 0.000000000000000000e+00
7.987227613939086313e-01 3.085768780916056664e-02 0.000000000000000000e+00
7.988851728619794645e-01 3.085920104765935146e-02 0.000000000000000000e+00
7.990475847952155375e-01 3.086065308962102072e-02 0.000000000000000000e+00
7.992099971667058211e-01 3.086204414222177422e-02 0.000000000000000000e+00
7.993724099598993327e-01 3.086337435798133105e-02 0.000000000000000000e+00
7.995348231588308430e-01 3.086464388633429826e-02 0.000000000000000000e+00
7.996972367475351229e-01 3.086585287671531758e-02 0.000000000000000000e+00
7.998596507100462771e-01 3.086700147855899259e-02 0.000000000000000000e+00
8.000220650303992986e-01 3.086808984129993730e-02 0.000000000000000000e+00
8.001844796926284031e-01 3.086911811437277608e-02 0.000000000000000000e+00
8.003468946807683615e-01 3.087008644721212294e-02 0.000000000000000000e+00
8.005093099788533895e-01 3.087099498925259880e-02 0.000000000000000000e+00
8.006717255709182579e-01 3.087184388992881418e-02 0.000000000000000000e+00
8.008341414409977377e-01 3.087263329867539693e-02 0.000000000000000000e+00
8.009965575731259335e-01 3.087336336492695760e-02 0.000000000000000000e+00
8.011589739513376163e-01 3.087403423811811709e-02 0.000000000000000000e+00
8.013213905596672237e-01 3.087464606768348246e-02 0.000000000000000000e+00
8.014838073821491937e-01 3.087519900305768505e-02 0.000000000000000000e+00
8.016462244028186301e-01 3.087569319367533885e-02 0.000000000000000000e+00
8.018086416057093047e-01 3.087612878897105090e-02 0.000000000000000000e+00
8.019710589748562102e-01 3.087650593837945601e-02 0.000000000000000000e+00
8.021334764942940065e-01 3.087682479133516122e-02 0.000000000000000000e+00
8.022958941480567985e-01 3.087708549727278054e-02 0.000000000000000000e+00
8.024583119201794679e-01 3.087728820562693835e-02 0.000000000000000000e+00
8.026207297946963415e-01 3.087743306583225558e-02 0.000000000000000000e+00
8.027831477556420792e-01 3.087752022732333929e-02 0.000000000000000000e+00
8.029455657870510077e-01 3.087754983953480692e-02 0.000000000000000000e+00
8.031079838729581200e-01 3.087752205190128635e-02 0.000000000000000000e+00
8.032704019973976317e-01 3.087743701385739156e-02 0.000000000000000000e+00
8.034328201444040918e-01 3.087729487483773308e-02 0.000000000000000000e+00
8.035952382980122710e-01 3.087709578427693877e-02 0.000000000000000000e+00
8.037576564422562742e-01 3.087683989160961220e-02 0.000000000000000000e+00
8.039200745611710941e-01 3.087652734627038820e-02 0.000000000000000000e+00
8.040824926387908356e-01 3.087615829769386686e-02 0.000000000000000000e+00
8.042449106591503805e-01 3.087573289531468645e-02 0.000000000000000000e+00
8.044073286062841666e-01 3.087525128856743670e-02 0.000000000000000000e+00
8.045697464642269647e-01 3.087471362688676280e-02 0.000000000000000000e+00
8.047321642170128797e-01 3.087412005970726139e-02 0.000000000000000000e+00
8.048945818486765713e-01 3.087347073646355342e-02 0.000000000000000000e+00
8.050569993432529214e-01 3.087276580659027020e-02 0.000000000000000000e+00
8.052194166847758128e-01 3.087200541952202226e-02 0.000000000000000000e+00
8.053818338572804603e-01 3.087118972469341666e-02 0.000000000000000000e+00
8.055442508448010797e-01 3.087031887153908818e-02 0.000000000000000000e+00
8.057066676313722198e-01 3.086939300949363696e-02 0.000000000000000000e+00
8.058690842010284294e-01 3.086841228799168738e-02 0.000000000000000000e+00
8.060315005378043685e-01 3.086737685646786730e-02 0.000000000000000000e+00
8.061939166257343636e-01 3.086628686435677685e-02 0.000000000000000000e+00
8.063563324488532968e-01 3.086514246109305429e-02 0.000000000000000000e+00
8.065187479911954949e-01 3.086394379611129973e-02 0.000000000000000000e+00
8.066811632367952845e-01 3.086269101884613064e-02 0.000000000000000000e+00
8.068435781696873255e-01 3.086138427873216794e-02 0.000000000000000000e+00
8.070059927739064998e-01 3.086002372520402909e-02 0.000000000000000000e+00
8.071684070334869121e-01 3.085860950769633848e-02 0.000000000000000000e+00
8.073308209324634444e-01 3.085714177564371011e-02 0.000000000000000000e+00
8.074932344548704233e-01 3.085562067848075449e-02 0.000000000000000000e+00
8.076556475847425087e-01 3.085404636564209602e-02 0.000000000000000000e+00
8.078180603061138054e-01 3.085241898656234175e-02 0.000000000000000000e+00
8.079804726030196393e-01 3.085073869067613342e-02 0.000000000000000000e+00
8.081428844594940042e-01 3.084900562741806074e-02 0.000000000000000000e+00
8.083052958595715598e-01 3.084721994622275504e-02 0.000000000000000000e+00
8.084677067872869660e-01 3.084538179652484072e-02 0.000000000000000000e+00
8.086301172266743276e-01 3.084349132775891095e-02 0.000000000000000000e+00
8.087925271617688594e-01 3.084154868935960747e-02 0.000000000000000000e+00
8.089549365766044442e-01 3.083955403076153734e-02 0.000000000000000000e+00
8.091173454552161859e-01 3.083750750139932148e-02 0.000000000000000000e+00
8.092797537816383002e-01 3.083540925070757388e-02 0.000000000000000000e+00
8.094421615399054470e-01 3.083325942812091547e-02 0.000000000000000000e+00
8.096045687140519531e-01 3.083105818307395329e-02 0.000000000000000000e+00
8.097669752881125893e-01 3.082880566500132563e-02 0.000000000000000000e+00
8.099293812461217934e-01 3.082650202333762912e-02 0.000000000000000000e+00
8.100917865721142253e-01 3.082414740751749163e-02 0.000000000000000000e+00
8.102541912501243226e-01 3.082174196697552715e-02 0.000000000000000000e+00
8.104165952641866344e-01 3.081928585114636007e-02 0.000000000000000000e+00
8.105789985983355983e-01 3.081677920946459051e-02 0.000000000000000000e+00
8.107414012366058742e-01 3.081422219136485674e-02 0.000000000000000000e+00
8.109038031630320109e-01 3.081161494628176928e-02 0.000000000000000000e+00
8.110662043616487793e-01 3.080895762364994558e-02 0.000000000000000000e+00
8.112286048164902841e-01 3.080625037290399271e-02 0.000000000000000000e+00
8.113910045115911851e-01 3.080349334347853851e-02 0.000000000000000000e+00
8.115534034309860312e-01 3.080068668480820046e-02 0.000000000000000000e+00
8.117158015587095932e-01 3.079783054632759254e-02 0.000000000000000000e+00
8.118781988787959758e-01 3.079492507747133220e-02 0.000000000000000000e+00
8.120405953752803940e-01 3.079197042767404385e-02 0.000000000000000000e+00
8.122029910321966195e-01 3.078896674637033454e-02 0.000000000000000000e+00
8.123653858335796452e-01 3.078591418299482518e-02 0.000000000000000000e+00
8.125277797634639088e-01 3.078281288698214019e-02 0.000000000000000000e+00
8.126901728058839591e-01 3.077966300776689007e-02 0.000000000000000000e+00
8.128525649448743451e-01 3.077646469478369229e-02 0.000000000000000000e+00
8.130149561644696155e-01 3.077321809746716430e-02 0.000000000000000000e+00
8.131773464487042080e-01 3.076992336525192356e-02 0.000000000000000000e+00
8.133397357816127826e-01 3.076658064757260141e-02 0.000000000000000000e+00
8.135021241472299991e-01 3.076319009386379102e-02 0.000000000000000000e+00
8.136645115295899622e-01 3.075975185356012373e-02 0.000000000000000000e+00
8.138268979127276648e-01 3.075626607609622046e-02 0.000000000000000000e+00
8.139892832806773226e-01 3.075273291090668479e-02 0.000000000000000000e+00
8.141516676174737066e-01 3.074915250742615153e-02 0.000000000000000000e+00
8.143140509071512545e-01 3.074552501508921731e-02 0.000000000000000000e+00
8.144764331337446261e-01 3.074185058333052389e-02 0.000000000000000000e+00
8.146388142812880373e-01 3.073812936158466791e-02 0.000000000000000000e+00
8.148011943338165919e-01 3.073436149928627723e-02 0.000000000000000000e+00
8.149635732753641726e-01 3.073054714586997277e-02 0.000000000000000000e+00
8.151259510899657723e-01 3.072668645077035812e-02 0.000000000000000000e+00
8.152883277616557178e-01 3.072277956342206462e-02 0.000000000000000000e+00
8.154507032744687800e-01 3.071882663325970972e-02 0.000000000000000000e+00
8.156130776124390636e-01 3.071482780971789006e-02 0.000000000000000000e+00
8.157754507596015614e-01 3.071078324223125086e-02 0.000000000000000000e+00
8.159378226999907113e-01 3.070669308023439223e-02 0.000000000000000000e+00
8.161001934176409511e-01 3.070255747316193856e-02 0.000000000000000000e+00
8.162625628965869407e-01 3.069837657044851079e-02 0.000000000000000000e+00
8.164249311208628956e-01 3.069415052152871595e-02 0.000000000000000000e+00
8.165872980745035870e-01 3.068987947583717152e-02 0.000000000000000000e+00
8.167496637415435634e-01 3.068556358280850882e-02 0.000000000000000000e+00
8.169120281060177069e-01 3.068120299187732797e-02 0.000000000000000000e+00
8.170743911519597891e-01 3.067679785247826030e-02 0.000000000000000000e+00
8.172367528634051359e-01 3.067234831404591286e-02 0.000000000000000000e+00
8.173991132243876301e-01 3.066785452601491699e-02 0.000000000000000000e+00
8.175614722189422645e-01 3.066331663781987280e-02 0.000000000000000000e+00
8.177238298311032549e-01 3.065873479889540815e-02 0.000000000000000000e+00
8.178861860449053722e-01 3.065410915867614397e-02 0.000000000000000000e+00
8.180485408443833872e-01 3.064943986659668732e-02 0.000000000000000000e+00
8.182108942136289143e-01 3.064472707178048094e-02 0.000000000000000000e+00
8.183732461410178072e-01 3.063997090023133987e-02 0.000000000000000000e+00
8.185355966220888568e-01 3.063517143929454789e-02 0.000000000000000000e+00
8.186979456530611987e-01 3.063032877263653295e-02 0.000000000000000000e+00
8.188602932301553006e-01 3.062544298392373687e-02 0.000000000000000000e+00
8.190226393495905199e-01 3.062051415682261191e-02 0.000000000000000000e+00
8.191849840075868805e-01 3.061554237499957212e-02 0.000000000000000000e+00
8.193473272003645169e-01 3.061052772212108711e-02 0.000000000000000000e+00
8.195096689241430088e-01 3.060547028185358828e-02 0.000000000000000000e+00
8.196720091751419357e-01 3.060037013786350013e-02 0.000000000000000000e+00
8.198343479495818764e-01 3.059522737381729224e-02 0.000000000000000000e+00
8.199966852436821885e-01 3.059004207338138562e-02 0.000000000000000000e+00
8.201590210536627845e-01 3.058481432022222210e-02 0.000000000000000000e+00
8.203213553757433552e-01 3.057954419800624699e-02 0.000000000000000000e+00
8.204836882061443681e-01 3.057423179039990904e-02 0.000000000000000000e+00
8.206460195410849590e-01 3.056887718106962928e-02 0.000000000000000000e+00
8.208083493767853733e-01 3.056348045368185995e-02 0.000000000000000000e+00
8.209706777094654129e-01 3.055804169190303940e-02 0.000000000000000000e+00
8.211330045353446572e-01 3.055256097939961640e-02 0.000000000000000000e+00
8.212953298506436850e-01 3.054703839983803279e-02 0.000000000000000000e+00
8.214576536515814098e-01 3.054147403688470958e-02 0.000000000000000000e+00
8.216199759343782993e-01 3.053586797420609900e-02 0.000000000000000000e+00
8.217822966952541552e-01 3.053022029546865329e-02 0.000000000000000000e+00
8.219446159304286681e-01 3.052453108433880041e-02 0.000000000000000000e+00
8.221069336361216395e-01 3.051880042448298219e-02 0.000000000000000000e+00
8.222692498085533153e-01 3.051302839956764046e-02 0.000000000000000000e+00
8.224315644439430528e-01 3.050721509325921357e-02 0.000000000000000000e+00
8.225938775385109869e-01 3.050136058922414684e-02 0.000000000000000000e+00
8.227561890884769191e-01 3.049546497112889248e-02 0.000000000000000000e+00
8.229184990900607621e-01 3.048952832263985765e-02 0.000000000000000000e+00
8.230808075394822065e-01 3.048355072742351193e-02 0.000000000000000000e+00
8.232431144329612760e-01 3.047753226914629021e-02 0.000000000000000000e+00
8.234054197667177721e-01 3.047147303147463085e-02 0.000000000000000000e+00
8.235677235369713856e-01 3.046537309807496874e-02 0.000000000000000000e+00
8.237300257399423620e-01 3.045923255261375959e-02 0.000000000000000000e+00
8.238923263718501699e-01 3.045305147875742441e-02 0.000000000000000000e+00
8.240546254289148331e-01 3.044682996017242238e-02 0.000000000000000000e+00
8.242169229073559311e-01 3.044056808052517799e-02 0.000000000000000000e+00
8.243792188033941537e-01 3.043426592348215387e-02 0.000000000000000000e+00
8.245415131132483033e-01 3.042792357270976758e-02 0.000000000000000000e+00
8.247038058331388477e-01 3.042154111187447135e-02 0.000000000000000000e+00
8.248660969592856995e-01 3.041511862464271049e-02 0.000000000000000000e+00
8.250283864879082163e-01 3.040865619468091294e-02 0.000000000000000000e+00
8.251906744152266437e-01 3.040215390565553441e-02 0.000000000000000000e+00
8.253529607374607835e-01 3.039561184123299939e-02 0.000000000000000000e+00
8.255152454508304372e-01 3.038903008507975664e-02 0.000000000000000000e+00
8.256775285515554064e-01 3.038240872086225147e-02 0.000000000000000000e+00
8.258398100358556038e-01 3.037574783224691530e-02 0.000000000000000000e+00
8.260020898999510530e-01 3.036904750290019689e-02 0.000000000000000000e+00
8.261643681400613337e-01 3.036230781648853808e-02 0.000000000000000000e+00
8.263266447524063585e-01 3.035552885667837375e-02 0.000000000000000000e+00
8.264889197332060400e-01 3.034871070713614227e-02 0.000000000000000000e+00
8.266511930786802909e-01 3.034185345152829588e-02 0.000000000000000000e+00
8.268134647850490238e-01 3.033495717352125906e-02 0.000000000000000000e+00
8.269757348485318182e-01 3.032802195678149099e-02 0.000000000000000000e+00
8.271380032653488090e-01 3.032104788497541614e-02 0.000000000000000000e+00
8.273002700317196867e-01 3.031403504176948677e-02 0.000000000000000000e+00
8.274625351438641419e-01 3.030698351083013428e-02 0.000000000000000000e+00
8.276247985980025312e-01 3.029989337582381093e-02 0.000000000000000000e+00
8.277870603903543234e-01 3.029276472041694118e-02 0.000000000000000000e+00
8.279493205171393200e-01 3.028559762827598076e-02 0.000000000000000000e+00
8.281115789745777667e-01 3.027839218306736802e-02 0.000000000000000000e+00
8.282738357588889100e-01 3.027114846845753784e-02 0.000000000000000000e+00
8.284360908662933287e-01 3.026386656811293555e-02 0.000000000000000000e+00
8.285983442930102694e-01 3.025654656569999601e-02 0.000000000000000000e+00
8.287605960352599777e-01 3.024918854488517148e-02 0.000000000000000000e+00
8.289228460892621442e-01 3.024179258933489337e-02 0.000000000000000000e+00
8.290850944512365706e-01 3.023435878271560351e-02 0.000000000000000000e+00
8.292473411174030584e-01 3.022688720869374027e-02 0.000000000000000000e+00
8.294095860839819645e-01 3.021937795093575241e-02 0.000000000000000000e+00
8.295718293471925353e-01 3.021183109310808523e-02 0.000000000000000000e+00
8.297340709032550166e-01 3.020424671887715629e-02 0.000000000000000000e+00
8.298963107483888768e-01 3.019662491190942474e-02 0.000000000000000000e+00
8.300585488788142507e-01 3.018896575587132897e-02 0.000000000000000000e+00
8.302207852907509400e-01 3.018126933442930732e-02 0.000000000000000000e+00
8.303830199804188572e-01 3.017353573124980162e-02 0.000000000000000000e+00
8.305452529440379150e-01 3.016576502999926065e-02 0.000000000000000000e+00
8.307074841778275820e-01 3.015795731434410196e-02 0.000000000000000000e+00
8.308697136780083259e-01 3.015011266795079165e-02 0.000000000000000000e+00
8.310319414407992822e-01 3.014223117448575420e-02 0.000000000000000000e+00
8.311941674624208076e-01 3.013431291761543840e-02 0.000000000000000000e+00
8.313563917390925928e-01 3.012635798100628259e-02 0.000000000000000000e+00
8.315186142670347724e-01 3.011836644832473556e-02 0.000000000000000000e+00
8.316808350424665930e-01 3.011033840323721483e-02 0.000000000000000000e+00
8.318430540616085223e-01 3.010227392941019348e-02 0.000000000000000000e+00
8.320052713206802508e-01 3.009417311051008903e-02 0.000000000000000000e+00
8.321674868159013583e-01 3.008603603020335027e-02 0.000000000000000000e+00
8.323297005434919793e-01 3.007786277215641207e-02 0.000000000000000000e+00
8.324919124996716935e-01 3.006965342003571628e-02 0.000000000000000000e+00
8.326541226806608575e-01 3.006140805750771514e-02 0.000000000000000000e+00
8.328163310826790511e-01 3.005312676823884352e-02 0.000000000000000000e+00
8.329785377019455206e-01 3.004480963589552939e-02 0.000000000000000000e+00
8.331407425346812889e-01 3.003645674414423539e-02 0.000000000000000000e+00
8.333029455771054916e-01 3.002806817665138600e-02 0.000000000000000000e+00
8.334651468254379303e-01 3.001964401708342653e-02 0.000000000000000000e+00
8.336273462758987396e-01 3.001118434910680227e-02 0.000000000000000000e+00
8.337895439247074991e-01 3.000268925638794465e-02 0.000000000000000000e+00
8.339517397680844546e-01 2.999415882259330243e-02 0.000000000000000000e+00
8.341139338022492966e-01 2.998559313138931398e-02 0.000000000000000000e+00
8.342761260234214937e-01 2.997699226644241419e-02 0.000000000000000000e+00
8.344383164278215137e-01 2.996835631141905876e-02 0.000000000000000000e+00
8.346005050116689361e-01 2.995968534998567911e-02 0.000000000000000000e+00
8.347626917711833405e-01 2.995097946580870668e-02 0.000000000000000000e+00
8.349248767025849727e-01 2.994223874255459716e-02 0.000000000000000000e+00
8.350870598020936342e-01 2.993346326388978546e-02 0.000000000000000000e+00
8.352492410659291266e-01 2.992465311348071338e-02 0.000000000000000000e+00
8.354114204903111407e-01 2.991580837499382625e-02 0.000000000000000000e+00
8.355735980714598110e-01 2.990692913209554854e-02 0.000000000000000000e+00
8.357357738055948282e-01 2.989801546845233943e-02 0.000000000000000000e+00
8.358979476889361049e-01 2.988906746773063380e-02 0.000000000000000000e+00
8.360601197177034427e-01 2.988008521359687003e-02 0.000000000000000000e+00
8.362222898881167543e-01 2.987106878971749341e-02 0.000000000000000000e+00
8.363844581963957303e-01 2.986201827975892842e-02 0.000000000000000000e+00
8.365466246387606164e-01 2.985293376738763771e-02 0.000000000000000000e+00
8.367087892114306591e-01 2.984381533627004923e-02 0.000000000000000000e+00
8.368709519106263262e-01 2.983466307007261523e-02 0.000000000000000000e+00
8.370331127325670861e-01 2.982547705246176017e-02 0.000000000000000000e+00
8.371952716734729627e-01 2.981625736710393978e-02 0.000000000000000000e+00
8.373574287295637575e-01 2.980700409766558895e-02 0.000000000000000000e+00
8.375195838970592721e-01 2.979771732781314256e-02 0.000000000000000000e+00
8.376817371721795302e-01 2.978839714121304591e-02 0.000000000000000000e+00
8.378438885511441114e-01 2.977904362153174431e-02 0.000000000000000000e+00
8.380060380301732614e-01 2.976965685243567958e-02 0.000000000000000000e+00
8.381681856054864488e-01 2.976023691759127968e-02 0.000000000000000000e+00
8.383303312733036972e-01 2.975078390066499684e-02 0.000000000000000000e+00
8.384924750298450302e-01 2.974129788532326943e-02 0.000000000000000000e+00
8.386546168713300275e-01 2.973177895523253580e-02 0.000000000000000000e+00
8.388167567939786018e-01 2.972222719405923433e-02 0.000000000000000000e+00
8.389788947940104435e-01 2.971264268546981377e-02 0.000000000000000000e+00
8.391410308676457985e-01 2.970302551313071596e-02 0.000000000000000000e+00
8.393031650111044684e-01 2.969337576070837231e-02 0.000000000000000000e+00
8.394652972206060326e-01 2.968369351186922120e-02 0.000000000000000000e+00
8.396274274923706260e-01 2.967397885027972179e-02 0.000000000000000000e+00
8.397895558226177171e-01 2.966423185960629511e-02 0.000000000000000000e+00
8.399516822075674405e-01 2.965445262351538991e-02 0.000000000000000000e+00
8.401138066434399310e-01 2.964464122567345150e-02 0.000000000000000000e+00
8.402759291264543240e-01 2.963479774974691131e-02 0.000000000000000000e+00
8.404380496528313094e-01 2.962492227940222156e-02 0.000000000000000000e+00
8.406001682187900226e-01 2.961501489830581715e-02 0.000000000000000000e+00
8.407622848205507093e-01 2.960507569012412604e-02 0.000000000000000000e+00
8.409243994543331713e-01 2.959510473852361434e-02 0.000000000000000000e+00
8.410865121163568769e-01 2.958510212717070306e-02 0.000000000000000000e+00
8.412486228028424051e-01 2.957506793973184445e-02 0.000000000000000000e+00
8.414107315100090023e-01 2.956500225987346991e-02 0.000000000000000000e+00
8.415728382340768032e-01 2.955490517126202130e-02 0.000000000000000000e+00
8.417349429712657205e-01 2.954477675756394389e-02 0.000000000000000000e+00
8.418970457177954447e-01 2.953461710244568300e-02 0.000000000000000000e+00
8.420591464698858886e-01 2.952442628957367005e-02 0.000000000000000000e+00
8.422212452237569646e-01 2.951420440261435379e-02 0.000000000000000000e+00
8.423833419756283636e-01 2.950395152523416914e-02 0.000000000000000000e+00
8.425454367217199980e-01 2.949366774109955791e-02 0.000000000000000000e+00
8.427075294587591525e-01 2.948335313278042935e-02 0.000000000000000000e+00
8.428696201865630844e-01 2.947300777616677914e-02 0.000000000000000000e+00
8.430317089061133418e-01 2.946263174463331982e-02 0.000000000000000000e+00
8.431937956183926941e-01 2.945222511155018083e-02 0.000000000000000000e+00
8.433558803243846880e-01 2.944178795028748463e-02 0.000000000000000000e+00
8.435179630250726479e-01 2.943132033421537105e-02 0.000000000000000000e+00
8.436800437214395654e-01 2.942082233670396604e-02 0.000000000000000000e+00
8.438421224144694310e-01 2.941029403112340249e-02 0.000000000000000000e+00
8.440041991051446812e-01 2.939973549084380980e-02 0.000000000000000000e+00
8.441662737944489736e-01 2.938914678923531046e-02 0.000000000000000000e+00
8.443283464833654106e-01 2.937852799966804429e-02 0.000000000000000000e+00
8.444904171728775388e-01 2.936787919551214071e-02 0.000000000000000000e+00
8.446524858639684608e-01 2.935720045013772567e-02 0.000000000000000000e+00
8.448145525576213899e-01 2.934649183691493204e-02 0.000000000000000000e+00
8.449766172548195398e-01 2.933575342921388579e-02 0.000000000000000000e+00
8.451386799565465680e-01 2.932498530040472326e-02 0.000000000000000000e+00
8.453007406637852439e-01 2.931418752385757387e-02 0.000000000000000000e+00
8.454627993775192252e-01 2.930336017294256357e-02 0.000000000000000000e+00
8.456248560987317253e-01 2.929250332102982524e-02 0.000000000000000000e+00
8.457869108284058468e-01 2.928161704148949177e-02 0.000000000000000000e+00
8.459489635675248032e-01 2.927070140769168910e-02 0.000000000000000000e+00
8.461110143170721409e-01 2.925975649300654666e-02 0.000000000000000000e+00
8.462730630780309626e-01 2.924878237080419385e-02 0.000000000000000000e+00
8.464351098513847038e-01 2.923777911445476704e-02 0.000000000000000000e+00
8.465971546381164670e-01 2.922674679732839911e-02 0.000000000000000000e+00
8.467591974392094656e-01 2.921568549279521254e-02 0.000000000000000000e+00
8.469212382556470242e-01 2.920459527422532980e-02 0.000000000000000000e+00
8.470832770884126894e-01 2.919347621498889767e-02 0.000000000000000000e+00
8.472453139384893417e-01 2.918232838845604207e-02 0.000000000000000000e+00
8.474073488068605275e-01 2.917115186799688550e-02 0.000000000000000000e+00
8.475693816945094605e-01 2.915994672698156778e-02 0.000000000000000000e+00
8.477314126024193541e-01 2.914871303878021833e-02 0.000000000000000000e+00
8.478934415315734219e-01 2.913745087676295267e-02 0.000000000000000000e+00
8.480554684829550993e-01 2.912616031429992106e-02 0.000000000000000000e+00
8.482174934575474889e-01 2.911484142476124248e-02 0.000000000000000000e+00
8.483795164563340263e-01 2.910349428151704984e-02 0.000000000000000000e+00
8.485415374802978139e-01 2.909211895793746908e-02 0.000000000000000000e+00
8.487035565304223983e-01 2.908071552739264001e-02 0.000000000000000000e+00
8.488655736076906599e-01 2.906928406325268166e-02 0.000000000000000000e+00
8.490275887130860344e-01 2.905782463888773037e-02 0.000000000000000000e+00
8.491896018475920682e-01 2.904633732766792251e-02 0.000000000000000000e+00
8.493516130121916419e-01 2.903482220296337707e-02 0.000000000000000000e+00
8.495136222078681909e-01 2.902327933814422695e-02 0.000000000000000000e+00
8.496756294356052619e-01 2.901170880658060156e-02 0.000000000000000000e+00
8.498376346963855132e-01 2.900011068164263725e-02 0.000000000000000000e+00
8.499996379911926025e-01 2.898848503670046345e-02 0.000000000000000000e+00
8.501616393210098543e-01 2.897683194512420610e-02 0.000000000000000000e+00
8.503236386868204821e-01 2.896515148028399808e-02 0.000000000000000000e+00
8.504856360896076994e-01 2.895344371554996535e-02 0.000000000000000000e+00
8.506476315303546087e-01 2.894170872429223731e-02 0.000000000000000000e+00
8.508096250100448676e-01 2.892994657988096074e-02 0.000000000000000000e+00
8.509716165296614676e-01 2.891815735568624424e-02 0.000000000000000000e+00
8.511336060901879552e-01 2.890634112507822762e-02 0.000000000000000000e+00
8.512955936926070999e-01 2.889449796142704030e-02 0.000000000000000000e+00
8.514575793379027813e-01 2.888262793810281864e-02 0.000000000000000000e+00
8.516195630270577688e-01 2.887073112847568165e-02 0.000000000000000000e+00
8.517815447610557200e-01 2.885880760591576222e-02 0.000000000000000000e+00
8.519435245408796264e-01 2.884685744379320016e-02 0.000000000000000000e+00
8.521055023675128126e-01 2.883488071547811449e-02 0.000000000000000000e+00
8.522674782419388251e-01 2.882287749434063809e-02 0.000000000000000000e+00
8.524294521651407663e-01 2.881084785375091079e-02 0.000000000000000000e+00
8.525914241381016279e-01 2.879879186707905159e-02 0.000000000000000000e+00
8.527533941618048452e-01 2.878670960769518644e-02 0.000000000000000000e+00
8.529153622372339649e-01 2.877460114896945864e-02 0.000000000000000000e+00
8.530773283653718675e-01 2.876246656427199413e-02 0.000000000000000000e+00
8.532392925472023215e-01 2.875030592697292581e-02 0.000000000000000000e+00
8.534012547837079854e-01 2.873811931044237267e-02 0.000000000000000000e+00
8.535632150758726278e-01 2.872590678805047107e-02 0.000000000000000000e+00
8.537251734246792401e-01 2.871366843316735737e-02 0.000000000000000000e+00
8.538871298311110358e-01 2.870140431916315404e-02 0.000000000000000000e+00
8.540490842961517837e-01 2.868911451940799398e-02 0.000000000000000000e+00
8.542110368207841420e-01 2.867679910727201006e-02 0.000000000000000000e+00
8.543729874059917684e-01 2.866445815612532477e-02 0.000000000000000000e+00
8.545349360527578764e-01 2.865209173933808140e-02 0.000000000000000000e+00
8.546968827620655684e-01 2.863969993028039895e-02 0.000000000000000000e+00
8.548588275348980581e-01 2.862728280232240685e-02 0.000000000000000000e+00
8.550207703722391139e-01 2.861484042883424145e-02 0.000000000000000000e+00
8.551827112750715054e-01 2.860237288318603216e-02 0.000000000000000000e+00
8.553446502443787791e-01 2.858988023874791187e-02 0.000000000000000000e+00
8.555065872811440375e-01 2.857736256888999959e-02 0.000000000000000000e+00
