8.555065872811440375e-01 2.857736256888999959e-02 0.000000000000000000e+00
8.555065872811440375e-01 2.857826949670565220e-02 0.000000000000000000e+00
8.555065872811440375e-01 2.857917642452130827e-02 0.000000000000000000e+00
8.555065872811440375e-01 2.858008335233695740e-02 0.000000000000000000e+00
8.555065872811440375e-01 2.858099028015261348e-02 0.000000000000000000e+00
8.555065872811440375e-01 2.858189720796826608e-02 0.000000000000000000e+00
8.555065872811440375e-01 2.858280413578392215e-02 0.000000000000000000e+00
8.555065872811440375e-01 2.858371106359957475e-02 0.000000000000000000e+00
8.555065872811440375e-01 2.858461799141523083e-02 0.000000000000000000e+00
8.555065872811440375e-01 2.858552491923088343e-02 0.000000000000000000e+00
8.555065872811440375e-01 2.858643184704653603e-02 0.000000000000000000e+00
8.555065872811440375e-01 2.858733877486218863e-02 0.000000000000000000e+00
8.555065872811440375e-01 2.858824570267784471e-02 0.000000000000000000e+00
8.555065872811440375e-01 2.858915263049349731e-02 0.000000000000000000e+00
8.555065872811440375e-01 2.859005955830915338e-02 0.000000000000000000e+00
8.555065872811440375e-01 2.859096648612480598e-02 0.000000000000000000e+00
8.555065872811440375e-01 2.859187341394045512e-02 0.000000000000000000e+00
8.555065872811440375e-01 2.859278034175611119e-02 0.000000000000000000e+00
8.555065872811440375e-01 2.859368726957176379e-02 0.000000000000000000e+00
8.555065872811440375e-01 2.859459419738741986e-02 0.000000000000000000e+00
8.555065872811440375e-01 2.859550112520307247e-02 0.000000000000000000e+00
8.555065872811440375e-01 2.859640805301872854e-02 0.000000000000000000e+00
8.555065872811440375e-01 2.859731498083437767e-02 0.000000000000000000e+00
8.555065872811440375e-01 2.859822190865003375e-02 0.000000000000000000e+00
8.555065872811440375e-01 2.859912883646568635e-02 0.000000000000000000e+00
8.555065872811440375e-01 2.860003576428134242e-02 0.000000000000000000e+00
8.555065872811440375e-01 2.860094269209699502e-02 0.000000000000000000e+00
8.555065872811440375e-01 2.860184961991264763e-02 0.000000000000000000e+00
8.555065872811440375e-01 2.860275654772830023e-02 0.000000000000000000e+00
8.555065872811440375e-01 2.860366347554395283e-02 0.000000000000000000e+00
8.555065872811440375e-01 2.860457040335960890e-02 0.000000000000000000e+00
8.555065872811440375e-01 2.860547733117526151e-02 0.000000000000000000e+00
8.555065872811440375e-01 2.860638425899091758e-02 0.000000000000000000e+00
8.555065872811440375e-01 2.860729118680657018e-02 0.000000000000000000e+00
8.555065872811440375e-01 2.860819811462222279e-02 0.000000000000000000e+00
8.555065872811440375e-01 2.860910504243787539e-02 0.000000000000000000e+00
8.555065872811440375e-01 2.861001197025353146e-02 0.000000000000000000e+00
8.555065872811440375e-01 2.861091889806918406e-02 0.000000000000000000e+00
8.555065872811440375e-01 2.861182582588484014e-02 0.000000000000000000e+00
8.555065872811440375e-01 2.861273275370049274e-02 0.000000000000000000e+00
8.555065872811440375e-01 2.861363968151614881e-02 0.000000000000000000e+00
8.555065872811440375e-01 2.861454660933179794e-02 0.000000000000000000e+00
8.555065872811440375e-01 2.861545353714745402e-02 0.000000000000000000e+00
8.555065872811440375e-01 2.861636046496310662e-02 0.000000000000000000e+00
8.555065872811440375e-01 2.861726739277875922e-02 0.000000000000000000e+00
8.555065872811440375e-01 2.861817432059441529e-02 0.000000000000000000e+00
8.555065872811440375e-01 2.861908124841006790e-02 0.000000000000000000e+00
8.555065872811440375e-01 2.861998817622572050e-02 0.000000000000000000e+00
8.555065872811440375e-01 2.862089510404137310e-02 0.000000000000000000e+00
8.555065872811440375e-01 2.862180203185702917e-02 0.000000000000000000e+00
8.555065872811440375e-01 2.862270895967268178e-02 0.000000000000000000e+00
8.555065872811440375e-01 2.862361588748833785e-02 0.000000000000000000e+00
8.555065872811440375e-01 2.862452281530399045e-02 0.000000000000000000e+00
8.555065872811440375e-01 2.862542974311964306e-02 0.000000000000000000e+00
8.555065872811440375e-01 2.862633667093529566e-02 0.000000000000000000e+00
8.555065872811440375e-01 2.862724359875095173e-02 0.000000000000000000e+00
8.555065872811440375e-01 2.862815052656660433e-02 0.000000000000000000e+00
8.555065872811440375e-01 2.862905745438226041e-02 0.000000000000000000e+00
8.555065872811440375e-01 2.862996438219791301e-02 0.000000000000000000e+00
8.555065872811440375e-01 2.863087131001356561e-02 0.000000000000000000e+00
8.555065872811440375e-01 2.863177823782921821e-02 0.000000000000000000e+00
8.555065872811440375e-01 2.863268516564487082e-02 0.000000000000000000e+00
8.555065872811440375e-01 2.863359209346052689e-02 0.000000000000000000e+00
8.555065872811440375e-01 2.863449902127617949e-02 0.000000000000000000e+00
8.555065872811440375e-01 2.863540594909183556e-02 0.000000000000000000e+00
8.555065872811440375e-01 2.863631287690748817e-02 0.000000000000000000e+00
8.555065872811440375e-01 2.863721980472314077e-02 0.000000000000000000e+00
8.555065872811440375e-01 2.863812673253879337e-02 0.000000000000000000e+00
8.555065872811440375e-01 2.863903366035444945e-02 0.000000000000000000e+00
8.555065872811440375e-01 2.863994058817010205e-02 0.000000000000000000e+00
8.555065872811440375e-01 2.864084751598575465e-02 0.000000000000000000e+00
8.555065872811440375e-01 2.864175444380141072e-02 0.000000000000000000e+00
8.555065872811440375e-01 2.864266137161705986e-02 0.000000000000000000e+00
8.555065872811440375e-01 2.864356829943271593e-02 0.000000000000000000e+00
8.555065872811440375e-01 2.864447522724836853e-02 0.000000000000000000e+00
8.555065872811440375e-01 2.864538215506402460e-02 0.000000000000000000e+00
8.555065872811440375e-01 2.864628908287967721e-02 0.000000000000000000e+00
8.555065872811440375e-01 2.864719601069533328e-02 0.000000000000000000e+00
8.555065872811440375e-01 2.864810293851098241e-02 0.000000000000000000e+00
8.555065872811440375e-01 2.864900986632663848e-02 0.000000000000000000e+00
8.555065872811440375e-01 2.864991679414229109e-02 0.000000000000000000e+00
8.555065872811440375e-01 2.865082372195794716e-02 0.000000000000000000e+00
8.555065872811440375e-01 2.865173064977359976e-02 0.000000000000000000e+00
8.555065872811440375e-01 2.865263757758925584e-02 0.000000000000000000e+00
8.555065872811440375e-01 2.865354450540490844e-02 0.000000000000000000e+00
8.555065872811440375e-01 2.865445143322055757e-02 0.000000000000000000e+00
8.555065872811440375e-01 2.865535836103621364e-02 0.000000000000000000e+00
8.555065872811440375e-01 2.865626528885186625e-02 0.000000000000000000e+00
8.555065872811440375e-01 2.865717221666752232e-02 0.000000000000000000e+00
8.555065872811440375e-01 2.865807914448317492e-02 0.000000000000000000e+00
8.555065872811440375e-01 2.865898607229883099e-02 0.000000000000000000e+00
8.555065872811440375e-01 2.865989300011448013e-02 0.000000000000000000e+00
8.555065872811440375e-01 2.866079992793013620e-02 0.000000000000000000e+00
8.555065872811440375e-01 2.866170685574578880e-02 0.000000000000000000e+00
8.555065872811440375e-01 2.866261378356144487e-02 0.000000000000000000e+00
8.555065872811440375e-01 2.866352071137709748e-02 0.000000000000000000e+00
8.555065872811440375e-01 2.866442763919275355e-02 0.000000000000000000e+00
8.555065872811440375e-01 2.866533456700840268e-02 0.000000000000000000e+00
8.555065872811440375e-01 2.866624149482405876e-02 0.000000000000000000e+00
8.555065872811440375e-01 2.866714842263971136e-02 0.000000000000000000e+00
8.555065872811440375e-01 2.866805535045536396e-02 0.000000000000000000e+00
8.555065872811440375e-01 2.866896227827102003e-02 0.000000000000000000e+00
8.555065872811440375e-01 2.866986920608666917e-02 0.000000000000000000e+00
8.555065872811440375e-01 2.867077613390232524e-02 0.000000000000000000e+00
8.555065872811440375e-01 2.867168306171797784e-02 0.000000000000000000e+00
8.555065872811440375e-01 2.867258998953363391e-02 0.000000000000000000e+00
8.555065872811440375e-01 2.867349691734928652e-02 0.000000000000000000e+00
8.555065872811440375e-01 2.867440384516494259e-02 0.000000000000000000e+00
8.555065872811440375e-01 2.867531077298059519e-02 0.000000000000000000e+00
8.555065872811440375e-01 2.867621770079625126e-02 0.000000000000000000e+00
8.555065872811440375e-01 2.867712462861190040e-02 0.000000000000000000e+00
8.555065872811440375e-01 2.867803155642755647e-02 0.000000000000000000e+00
8.555065872811440375e-01 2.867893848424320907e-02 0.000000000000000000e+00
8.555065872811440375e-01 2.867984541205886168e-02 0.000000000000000000e+00
8.555065872811440375e-01 2.868075233987451775e-02 0.000000000000000000e+00
8.555065872811440375e-01 2.868165926769016688e-02 0.000000000000000000e+00
8.555065872811440375e-01 2.868256619550582295e-02 0.000000000000000000e+00
8.555065872811440375e-01 2.868347312332147556e-02 0.000000000000000000e+00
8.555065872811440375e-01 2.868438005113713163e-02 0.000000000000000000e+00
8.555065872811440375e-01 2.868528697895278423e-02 0.000000000000000000e+00
8.555065872811440375e-01 2.868619390676844030e-02 0.000000000000000000e+00
8.555065872811440375e-01 2.868710083458408944e-02 0.000000000000000000e+00
8.555065872811440375e-01 2.868800776239974551e-02 0.000000000000000000e+00
8.555065872811440375e-01 2.868891469021539811e-02 0.000000000000000000e+00
8.555065872811440375e-01 2.868982161803105418e-02 0.000000000000000000e+00
8.555065872811440375e-01 2.869072854584670679e-02 0.000000000000000000e+00
8.555065872811440375e-01 2.869163547366236286e-02 0.000000000000000000e+00
8.555065872811440375e-01 2.869254240147801199e-02 0.000000000000000000e+00
8.555065872811440375e-01 2.869344932929366460e-02 0.000000000000000000e+00
8.555065872811440375e-01 2.869435625710932067e-02 0.000000000000000000e+00
8.555065872811440375e-01 2.869526318492497327e-02 0.000000000000000000e+00
8.555065872811440375e-01 2.869617011274062934e-02 0.000000000000000000e+00
8.555065872811440375e-01 2.869707704055628195e-02 0.000000000000000000e+00
8.555065872811440375e-01 2.869798396837193455e-02 0.000000000000000000e+00
8.555065872811440375e-01 2.869889089618758715e-02 0.000000000000000000e+00
8.555065872811440375e-01 2.869979782400324322e-02 0.000000000000000000e+00
8.555065872811440375e-01 2.870070475181889583e-02 0.000000000000000000e+00
8.555065872811440375e-01 2.870161167963455190e-02 0.000000000000000000e+00
8.555065872811440375e-01 2.870251860745020450e-02 0.000000000000000000e+00
8.555065872811440375e-01 2.870342553526585710e-02 0.000000000000000000e+00
8.555065872811440375e-01 2.870433246308150971e-02 0.000000000000000000e+00
8.555065872811440375e-01 2.870523939089716578e-02 0.000000000000000000e+00
8.555065872811440375e-01 2.870614631871281838e-02 0.000000000000000000e+00
8.555065872811440375e-01 2.870705324652847099e-02 0.000000000000000000e+00
8.555065872811440375e-01 2.870796017434412706e-02 0.000000000000000000e+00
8.555065872811440375e-01 2.870886710215977966e-02 0.000000000000000000e+00
8.555065872811440375e-01 2.870977402997543226e-02 0.000000000000000000e+00
8.555065872811440375e-01 2.871068095779108487e-02 0.000000000000000000e+00
8.555065872811440375e-01 2.871158788560674094e-02 0.000000000000000000e+00
8.555065872811440375e-01 2.871249481342239354e-02 0.000000000000000000e+00
8.555065872811440375e-01 2.871340174123804961e-02 0.000000000000000000e+00
8.555065872811440375e-01 2.871430866905370222e-02 0.000000000000000000e+00
8.555065872811440375e-01 2.871521559686935482e-02 0.000000000000000000e+00
8.555065872811440375e-01 2.871612252468500742e-02 0.000000000000000000e+00
8.555065872811440375e-01 2.871702945250066349e-02 0.000000000000000000e+00
8.555065872811440375e-01 2.871793638031631610e-02 0.000000000000000000e+00
8.555065872811440375e-01 2.871884330813196870e-02 0.000000000000000000e+00
8.555065872811440375e-01 2.871975023594762477e-02 0.000000000000000000e+00
8.555065872811440375e-01 2.872065716376327738e-02 0.000000000000000000e+00
8.555065872811440375e-01 2.872156409157892998e-02 0.000000000000000000e+00
8.555065872811440375e-01 2.872247101939458258e-02 0.000000000000000000e+00
8.555065872811440375e-01 2.872337794721023865e-02 0.000000000000000000e+00
8.555065872811440375e-01 2.872428487502589126e-02 0.000000000000000000e+00
8.555065872811440375e-01 2.872519180284154733e-02 0.000000000000000000e+00
8.555065872811440375e-01 2.872609873065719993e-02 0.000000000000000000e+00
8.555065872811440375e-01 2.872700565847285253e-02 0.000000000000000000e+00
8.555065872811440375e-01 2.872791258628850514e-02 0.000000000000000000e+00
8.555065872811440375e-01 2.872881951410416121e-02 0.000000000000000000e+00
8.555065872811440375e-01 2.872972644191981381e-02 0.000000000000000000e+00
8.555065872811440375e-01 2.873063336973546641e-02 0.000000000000000000e+00
8.555065872811440375e-01 2.873154029755112249e-02 0.000000000000000000e+00
8.555065872811440375e-01 2.873244722536677509e-02 0.000000000000000000e+00
8.555065872811440375e-01 2.873335415318242769e-02 0.000000000000000000e+00
8.555065872811440375e-01 2.873426108099808030e-02 0.000000000000000000e+00
8.555065872811440375e-01 2.873516800881373637e-02 0.000000000000000000e+00
8.555065872811440375e-01 2.873607493662938897e-02 0.000000000000000000e+00
8.555065872811440375e-01 2.873698186444504504e-02 0.000000000000000000e+00
8.555065872811440375e-01 2.873788879226069765e-02 0.000000000000000000e+00
8.555065872811440375e-01 2.873879572007635025e-02 0.000000000000000000e+00
8.555065872811440375e-01 2.873970264789200285e-02 0.000000000000000000e+00
8.555065872811440375e-01 2.874060957570765892e-02 0.000000000000000000e+00
8.555065872811440375e-01 2.874151650352331153e-02 0.000000000000000000e+00
8.555065872811440375e-01 2.874242343133896760e-02 0.000000000000000000e+00
8.555065872811440375e-01 2.874333035915462020e-02 0.000000000000000000e+00
8.555065872811440375e-01 2.874423728697026933e-02 0.000000000000000000e+00
8.555065872811440375e-01 2.874514421478592541e-02 0.000000000000000000e+00
8.555065872811440375e-01 2.874605114260157801e-02 0.000000000000000000e+00
8.555065872811440375e-01 2.874695807041723408e-02 0.000000000000000000e+00
8.555065872811440375e-01 2.874786499823288669e-02 0.000000000000000000e+00
8.555065872811440375e-01 2.874877192604854276e-02 0.000000000000000000e+00
8.555065872811440375e-01 2.874967885386419189e-02 0.000000000000000000e+00
8.555065872811440375e-01 2.875058578167984796e-02 0.000000000000000000e+00
8.555065872811440375e-01 2.875149270949550057e-02 0.000000000000000000e+00
8.555065872811440375e-01 2.875239963731115664e-02 0.000000000000000000e+00
8.555065872811440375e-01 2.875330656512680924e-02 0.000000000000000000e+00
8.555065872811440375e-01 2.875421349294246531e-02 0.000000000000000000e+00
8.555065872811440375e-01 2.875512042075811792e-02 0.000000000000000000e+00
8.555065872811440375e-01 2.875602734857376705e-02 0.000000000000000000e+00
8.555065872811440375e-01 2.875693427638942312e-02 0.000000000000000000e+00
8.555065872811440375e-01 2.875784120420507572e-02 0.000000000000000000e+00
8.555065872811440375e-01 2.875874813202073180e-02 0.000000000000000000e+00
8.555065872811440375e-01 2.875965505983638093e-02 0.000000000000000000e+00
8.555065872811440375e-01 2.876056198765204047e-02 0.000000000000000000e+00
8.555065872811440375e-01 2.876146891546768961e-02 0.000000000000000000e+00
8.555065872811440375e-01 2.876237584328334568e-02 0.000000000000000000e+00
8.555065872811440375e-01 2.876328277109899828e-02 0.000000000000000000e+00
8.555065872811440375e-01 2.876418969891465435e-02 0.000000000000000000e+00
8.555065872811440375e-01 2.876509662673030696e-02 0.000000000000000000e+00
8.555065872811440375e-01 2.876600355454596303e-02 0.000000000000000000e+00
8.555065872811440375e-01 2.876691048236161216e-02 0.000000000000000000e+00
8.555065872811440375e-01 2.876781741017726823e-02 0.000000000000000000e+00
8.555065872811440375e-01 2.876872433799292084e-02 0.000000000000000000e+00
8.555065872811440375e-01 2.876963126580857344e-02 0.000000000000000000e+00
8.555065872811440375e-01 2.877053819362422951e-02 0.000000000000000000e+00
8.555065872811440375e-01 2.877144512143987864e-02 0.000000000000000000e+00
8.555065872811440375e-01 2.877235204925553472e-02 0.000000000000000000e+00
8.555065872811440375e-01 2.877325897707118732e-02 0.000000000000000000e+00
8.555065872811440375e-01 2.877416590488684339e-02 0.000000000000000000e+00
8.555065872811440375e-01 2.877507283270249600e-02 0.000000000000000000e+00
8.555065872811440375e-01 2.877597976051815207e-02 0.000000000000000000e+00
8.555065872811440375e-01 2.877688668833380120e-02 0.000000000000000000e+00
8.555065872811440375e-01 2.877779361614946074e-02 0.000000000000000000e+00
8.555065872811440375e-01 2.877870054396510988e-02 0.000000000000000000e+00
8.555065872811440375e-01 2.877960747178076595e-02 0.000000000000000000e+00
8.555065872811440375e-01 2.878051439959641855e-02 0.000000000000000000e+00
8.555065872811440375e-01 2.878142132741207462e-02 0.000000000000000000e+00
8.555065872811440375e-01 2.878232825522772376e-02 0.000000000000000000e+00
8.555065872811440375e-01 2.878323518304337636e-02 0.000000000000000000e+00
8.555065872811440375e-01 2.878414211085903243e-02 0.000000000000000000e+00
8.555065872811440375e-01 2.878504903867468503e-02 0.000000000000000000e+00
8.555065872811440375e-01 2.878595596649034111e-02 0.000000000000000000e+00
8.555065872811440375e-01 2.878686289430599371e-02 0.000000000000000000e+00
8.555065872811440375e-01 2.878776982212164631e-02 0.000000000000000000e+00
8.555065872811440375e-01 2.878867674993729892e-02 0.000000000000000000e+00
8.555065872811440375e-01 2.878958367775295499e-02 0.000000000000000000e+00
8.555065872811440375e-01 2.879049060556860759e-02 0.000000000000000000e+00
8.555065872811440375e-01 2.879139753338426366e-02 0.000000000000000000e+00
8.555065872811440375e-01 2.879230446119991627e-02 0.000000000000000000e+00
8.555065872811440375e-01 2.879321138901557234e-02 0.000000000000000000e+00
8.555065872811440375e-01 2.879411831683122147e-02 0.000000000000000000e+00
8.555065872811440375e-01 2.879502524464687407e-02 0.000000000000000000e+00
8.555065872811440375e-01 2.879593217246253015e-02 0.000000000000000000e+00
8.555065872811440375e-01 2.879683910027818275e-02 0.000000000000000000e+00
8.555065872811440375e-01 2.879774602809383882e-02 0.000000000000000000e+00
8.555065872811440375e-01 2.879865295590949142e-02 0.000000000000000000e+00
8.555065872811440375e-01 2.879955988372514403e-02 0.000000000000000000e+00
8.555065872811440375e-01 2.880046681154079663e-02 0.000000000000000000e+00
8.555065872811440375e-01 2.880137373935645270e-02 0.000000000000000000e+00
8.555065872811440375e-01 2.880228066717210531e-02 0.000000000000000000e+00
8.555065872811440375e-01 2.880318759498776138e-02 0.000000000000000000e+00
8.555065872811440375e-01 2.880409452280341398e-02 0.000000000000000000e+00
8.555065872811440375e-01 2.880500145061906658e-02 0.000000000000000000e+00
8.555065872811440375e-01 2.880590837843471919e-02 0.000000000000000000e+00
8.555065872811440375e-01 2.880681530625037179e-02 0.000000000000000000e+00
8.555065872811440375e-01 2.880772223406602786e-02 0.000000000000000000e+00
8.555065872811440375e-01 2.880862916188168046e-02 0.000000000000000000e+00
8.555065872811440375e-01 2.880953608969733654e-02 0.000000000000000000e+00
8.555065872811440375e-01 2.881044301751298914e-02 0.000000000000000000e+00
8.555065872811440375e-01 2.881134994532864174e-02 0.000000000000000000e+00
8.555065872811440375e-01 2.881225687314429434e-02 0.000000000000000000e+00
8.555065872811440375e-01 2.881316380095995042e-02 0.000000000000000000e+00
8.555065872811440375e-01 2.881407072877560302e-02 0.000000000000000000e+00
8.555065872811440375e-01 2.881497765659125909e-02 0.000000000000000000e+00
8.555065872811440375e-01 2.881588458440691169e-02 0.000000000000000000e+00
8.555065872811440375e-01 2.881679151222256430e-02 0.000000000000000000e+00
8.555065872811440375e-01 2.881769844003821690e-02 0.000000000000000000e+00
8.555065872811440375e-01 2.881860536785387297e-02 0.000000000000000000e+00
8.555065872811440375e-01 2.881951229566952558e-02 0.000000000000000000e+00
8.555065872811440375e-01 2.882041922348517818e-02 0.000000000000000000e+00
8.555065872811440375e-01 2.882132615130083425e-02 0.000000000000000000e+00
8.555065872811440375e-01 2.882223307911648685e-02 0.000000000000000000e+00
8.555065872811440375e-01 2.882314000693213946e-02 0.000000000000000000e+00
8.555065872811440375e-01 2.882404693474779206e-02 0.000000000000000000e+00
8.555065872811440375e-01 2.882495386256344813e-02 0.000000000000000000e+00
8.555065872811440375e-01 2.882586079037910073e-02 0.000000000000000000e+00
8.555065872811440375e-01 2.882676771819475681e-02 0.000000000000000000e+00
8.555065872811440375e-01 2.882767464601040941e-02 0.000000000000000000e+00
8.555065872811440375e-01 2.882858157382606201e-02 0.000000000000000000e+00
8.555065872811440375e-01 2.882948850164171462e-02 0.000000000000000000e+00
8.555065872811440375e-01 2.883039542945737069e-02 0.000000000000000000e+00
8.555065872811440375e-01 2.883130235727302329e-02 0.000000000000000000e+00
8.555065872811440375e-01 2.883220928508867936e-02 0.000000000000000000e+00
8.555065872811440375e-01 2.883311621290433197e-02 0.000000000000000000e+00
8.555065872811440375e-01 2.883402314071998457e-02 0.000000000000000000e+00
8.555065872811440375e-01 2.883493006853563717e-02 0.000000000000000000e+00
8.555065872811440375e-01 2.883583699635128977e-02 0.000000000000000000e+00
8.555065872811440375e-01 2.883674392416694585e-02 0.000000000000000000e+00
8.555065872811440375e-01 2.883765085198259845e-02 0.000000000000000000e+00
8.555065872811440375e-01 2.883855777979825452e-02 0.000000000000000000e+00
8.555065872811440375e-01 2.883946470761390712e-02 0.000000000000000000e+00
8.555065872811440375e-01 2.884037163542955973e-02 0.000000000000000000e+00
8.555065872811440375e-01 2.884127856324521233e-02 0.000000000000000000e+00
8.555065872811440375e-01 2.884218549106086840e-02 0.000000000000000000e+00
8.555065872811440375e-01 2.884309241887652100e-02 0.000000000000000000e+00
8.555065872811440375e-01 2.884399934669217708e-02 0.000000000000000000e+00
8.555065872811440375e-01 2.884490627450782968e-02 0.000000000000000000e+00
8.555065872811440375e-01 2.884581320232348228e-02 0.000000000000000000e+00
8.555065872811440375e-01 2.884672013013913489e-02 0.000000000000000000e+00
8.555065872811440375e-01 2.884762705795478749e-02 0.000000000000000000e+00
8.555065872811440375e-01 2.884853398577044356e-02 0.000000000000000000e+00
8.555065872811440375e-01 2.884944091358609269e-02 0.000000000000000000e+00
8.555065872811440375e-01 2.885034784140175224e-02 0.000000000000000000e+00
8.555065872811440375e-01 2.885125476921740484e-02 0.000000000000000000e+00
8.555065872811440375e-01 2.885216169703305744e-02 0.000000000000000000e+00
8.555065872811440375e-01 2.885306862484871004e-02 0.000000000000000000e+00
8.555065872811440375e-01 2.885397555266436612e-02 0.000000000000000000e+00
8.555065872811440375e-01 2.885488248048001525e-02 0.000000000000000000e+00
8.555065872811440375e-01 2.885578940829567479e-02 0.000000000000000000e+00
8.555065872811440375e-01 2.885669633611132739e-02 0.000000000000000000e+00
8.555065872811440375e-01 2.885760326392698000e-02 0.000000000000000000e+00
8.555065872811440375e-01 2.885851019174263260e-02 0.000000000000000000e+00
8.555065872811440375e-01 2.885941711955828520e-02 0.000000000000000000e+00
8.555065872811440375e-01 2.886032404737393781e-02 0.000000000000000000e+00
8.555065872811440375e-01 2.886123097518959041e-02 0.000000000000000000e+00
8.555065872811440375e-01 2.886213790300524995e-02 0.000000000000000000e+00
8.555065872811440375e-01 2.886304483082089908e-02 0.000000000000000000e+00
8.555065872811440375e-01 2.886395175863655516e-02 0.000000000000000000e+00
8.555065872811440375e-01 2.886485868645220776e-02 0.000000000000000000e+00
8.555065872811440375e-01 2.886576561426786036e-02 0.000000000000000000e+00
8.555065872811440375e-01 2.886667254208351296e-02 0.000000000000000000e+00
8.555065872811440375e-01 2.886757946989917251e-02 0.000000000000000000e+00
8.555065872811440375e-01 2.886848639771482511e-02 0.000000000000000000e+00
8.555065872811440375e-01 2.886939332553047771e-02 0.000000000000000000e+00
8.555065872811440375e-01 2.887030025334613031e-02 0.000000000000000000e+00
8.555065872811440375e-01 2.887120718116178639e-02 0.000000000000000000e+00
8.555065872811440375e-01 2.887211410897743552e-02 0.000000000000000000e+00
8.555065872811440375e-01 2.887302103679308812e-02 0.000000000000000000e+00
8.555065872811440375e-01 2.887392796460874766e-02 0.000000000000000000e+00
8.555065872811440375e-01 2.887483489242439680e-02 0.000000000000000000e+00
8.555065872811440375e-01 2.887574182024005287e-02 0.000000000000000000e+00
8.555065872811440375e-01 2.887664874805570547e-02 0.000000000000000000e+00
8.555065872811440375e-01 2.887755567587135808e-02 0.000000000000000000e+00
8.555065872811440375e-01 2.887846260368701068e-02 0.000000000000000000e+00
8.555065872811440375e-01 2.887936953150267022e-02 0.000000000000000000e+00
8.555065872811440375e-01 2.888027645931831935e-02 0.000000000000000000e+00
8.555065872811440375e-01 2.888118338713397543e-02 0.000000000000000000e+00
8.555065872811440375e-01 2.888209031494962803e-02 0.000000000000000000e+00
8.555065872811440375e-01 2.888299724276528063e-02 0.000000000000000000e+00
8.555065872811440375e-01 2.888390417058093323e-02 0.000000000000000000e+00
8.555065872811440375e-01 2.888481109839658584e-02 0.000000000000000000e+00
8.555065872811440375e-01 2.888571802621224191e-02 0.000000000000000000e+00
8.555065872811440375e-01 2.888662495402789451e-02 0.000000000000000000e+00
8.555065872811440375e-01 2.888753188184355059e-02 0.000000000000000000e+00
8.555065872811440375e-01 2.888843880965920319e-02 0.000000000000000000e+00
8.555065872811440375e-01 2.888934573747485579e-02 0.000000000000000000e+00
8.555065872811440375e-01 2.889025266529050839e-02 0.000000000000000000e+00
8.555065872811440375e-01 2.889115959310616794e-02 0.000000000000000000e+00
8.555065872811440375e-01 2.889206652092181707e-02 0.000000000000000000e+00
8.555065872811440375e-01 2.889297344873747314e-02 0.000000000000000000e+00
8.555065872811440375e-01 2.889388037655312574e-02 0.000000000000000000e+00
8.555065872811440375e-01 2.889478730436877835e-02 0.000000000000000000e+00
8.555065872811440375e-01 2.889569423218443095e-02 0.000000000000000000e+00
8.555065872811440375e-01 2.889660116000008702e-02 0.000000000000000000e+00
8.555065872811440375e-01 2.889750808781573962e-02 0.000000000000000000e+00
8.555065872811440375e-01 2.889841501563139223e-02 0.000000000000000000e+00
8.555065872811440375e-01 2.889932194344704830e-02 0.000000000000000000e+00
8.555065872811440375e-01 2.890022887126270090e-02 0.000000000000000000e+00
8.555065872811440375e-01 2.890113579907835351e-02 0.000000000000000000e+00
8.555065872811440375e-01 2.890204272689400611e-02 0.000000000000000000e+00
8.555065872811440375e-01 2.890294965470966218e-02 0.000000000000000000e+00
8.555065872811440375e-01 2.890385658252531478e-02 0.000000000000000000e+00
8.555065872811440375e-01 2.890476351034097086e-02 0.000000000000000000e+00
8.555065872811440375e-01 2.890567043815662346e-02 0.000000000000000000e+00
8.555065872811440375e-01 2.890657736597227606e-02 0.000000000000000000e+00
8.555065872811440375e-01 2.890748429378792866e-02 0.000000000000000000e+00
8.555065872811440375e-01 2.890839122160358474e-02 0.000000000000000000e+00
8.555065872811440375e-01 2.890929814941923734e-02 0.000000000000000000e+00
8.555065872811440375e-01 2.891020507723488994e-02 0.000000000000000000e+00
8.555065872811440375e-01 2.891111200505054601e-02 0.000000000000000000e+00
8.555065872811440375e-01 2.891201893286619862e-02 0.000000000000000000e+00
8.555065872811440375e-01 2.891292586068185122e-02 0.000000000000000000e+00
8.555065872811440375e-01 2.891383278849750382e-02 0.000000000000000000e+00
8.555065872811440375e-01 2.891473971631315990e-02 0.000000000000000000e+00
8.555065872811440375e-01 2.891564664412881250e-02 0.000000000000000000e+00
8.555065872811440375e-01 2.891655357194446857e-02 0.000000000000000000e+00
8.555065872811440375e-01 2.891746049976012117e-02 0.000000000000000000e+00
8.555065872811440375e-01 2.891836742757577378e-02 0.000000000000000000e+00
8.555065872811440375e-01 2.891927435539142638e-02 0.000000000000000000e+00
8.555065872811440375e-01 2.892018128320708245e-02 0.000000000000000000e+00
8.555065872811440375e-01 2.892108821102273505e-02 0.000000000000000000e+00
8.555065872811440375e-01 2.892199513883838766e-02 0.000000000000000000e+00
8.555065872811440375e-01 2.892290206665404373e-02 0.000000000000000000e+00
8.555065872811440375e-01 2.892380899446969633e-02 0.000000000000000000e+00
8.555065872811440375e-01 2.892471592228534893e-02 0.000000000000000000e+00
8.555065872811440375e-01 2.892562285010100154e-02 0.000000000000000000e+00
8.555065872811440375e-01 2.892652977791665761e-02 0.000000000000000000e+00
8.555065872811440375e-01 2.892743670573231021e-02 0.000000000000000000e+00
8.555065872811440375e-01 2.892834363354796628e-02 0.000000000000000000e+00
8.555065872811440375e-01 2.892925056136361889e-02 0.000000000000000000e+00
8.555065872811440375e-01 2.893015748917927149e-02 0.000000000000000000e+00
8.555065872811440375e-01 2.893106441699492409e-02 0.000000000000000000e+00
8.555065872811440375e-01 2.893197134481058017e-02 0.000000000000000000e+00
8.555065872811440375e-01 2.893287827262623277e-02 0.000000000000000000e+00
8.555065872811440375e-01 2.893378520044188884e-02 0.000000000000000000e+00
8.555065872811440375e-01 2.893469212825754144e-02 0.000000000000000000e+00
8.555065872811440375e-01 2.893559905607319405e-02 0.000000000000000000e+00
8.555065872811440375e-01 2.893650598388884665e-02 0.000000000000000000e+00
8.555065872811440375e-01 2.893741291170449925e-02 0.000000000000000000e+00
8.555065872811440375e-01 2.893831983952015532e-02 0.000000000000000000e+00
8.555065872811440375e-01 2.893922676733580446e-02 0.000000000000000000e+00
8.555065872811440375e-01 2.894013369515146400e-02 0.000000000000000000e+00
8.555065872811440375e-01 2.894104062296711660e-02 0.000000000000000000e+00
8.555065872811440375e-01 2.894194755078276921e-02 0.000000000000000000e+00
8.555065872811440375e-01 2.894285447859842181e-02 0.000000000000000000e+00
8.555065872811440375e-01 2.894376140641407788e-02 0.000000000000000000e+00
8.555065872811440375e-01 2.894466833422972701e-02 0.000000000000000000e+00
8.555065872811440375e-01 2.894557526204538656e-02 0.000000000000000000e+00
8.555065872811440375e-01 2.894648218986103916e-02 0.000000000000000000e+00
8.555065872811440375e-01 2.894738911767669176e-02 0.000000000000000000e+00
8.555065872811440375e-01 2.894829604549234436e-02 0.000000000000000000e+00
8.555065872811440375e-01 2.894920297330799697e-02 0.000000000000000000e+00
8.555065872811440375e-01 2.895010990112364957e-02 0.000000000000000000e+00
8.555065872811440375e-01 2.895101682893930217e-02 0.000000000000000000e+00
8.555065872811440375e-01 2.895192375675496171e-02 0.000000000000000000e+00
8.555065872811440375e-01 2.895283068457061432e-02 0.000000000000000000e+00
8.555065872811440375e-01 2.895373761238626692e-02 0.000000000000000000e+00
8.555065872811440375e-01 2.895464454020191952e-02 0.000000000000000000e+00
8.555065872811440375e-01 2.895555146801757559e-02 0.000000000000000000e+00
8.555065872811440375e-01 2.895645839583322473e-02 0.000000000000000000e+00
8.555065872811440375e-01 2.895736532364888427e-02 0.000000000000000000e+00
8.555065872811440375e-01 2.895827225146453687e-02 0.000000000000000000e+00
8.555065872811440375e-01 2.895917917928018948e-02 0.000000000000000000e+00
8.555065872811440375e-01 2.896008610709584208e-02 0.000000000000000000e+00
8.555065872811440375e-01 2.896099303491149468e-02 0.000000000000000000e+00
8.555065872811440375e-01 2.896189996272714728e-02 0.000000000000000000e+00
8.555065872811440375e-01 2.896280689054279989e-02 0.000000000000000000e+00
8.555065872811440375e-01 2.896371381835845943e-02 0.000000000000000000e+00
8.555065872811440375e-01 2.896462074617410856e-02 0.000000000000000000e+00
8.555065872811440375e-01 2.896552767398976463e-02 0.000000000000000000e+00
8.555065872811440375e-01 2.896643460180541724e-02 0.000000000000000000e+00
8.555065872811440375e-01 2.896734152962106984e-02 0.000000000000000000e+00
8.555065872811440375e-01 2.896824845743672244e-02 0.000000000000000000e+00
8.555065872811440375e-01 2.896915538525238198e-02 0.000000000000000000e+00
8.555065872811440375e-01 2.897006231306803112e-02 0.000000000000000000e+00
8.555065872811440375e-01 2.897096924088368719e-02 0.000000000000000000e+00
8.555065872811440375e-01 2.897187616869933979e-02 0.000000000000000000e+00
8.555065872811440375e-01 2.897278309651499240e-02 0.000000000000000000e+00
8.555065872811440375e-01 2.897369002433064500e-02 0.000000000000000000e+00
8.555065872811440375e-01 2.897459695214629760e-02 0.000000000000000000e+00
8.555065872811440375e-01 2.897550387996195714e-02 0.000000000000000000e+00
8.555065872811440375e-01 2.897641080777760628e-02 0.000000000000000000e+00
8.555065872811440375e-01 2.897731773559326235e-02 0.000000000000000000e+00
8.555065872811440375e-01 2.897822466340891495e-02 0.000000000000000000e+00
8.555065872811440375e-01 2.897913159122456755e-02 0.000000000000000000e+00
8.555065872811440375e-01 2.898003851904022016e-02 0.000000000000000000e+00
8.555065872811440375e-01 2.898094544685587970e-02 0.000000000000000000e+00
8.555065872811440375e-01 2.898185237467152883e-02 0.000000000000000000e+00
8.555065872811440375e-01 2.898275930248718490e-02 0.000000000000000000e+00
8.555065872811440375e-01 2.898366623030283751e-02 0.000000000000000000e+00
8.555065872811440375e-01 2.898457315811849011e-02 0.000000000000000000e+00
8.555065872811440375e-01 2.898548008593414271e-02 0.000000000000000000e+00
8.555065872811440375e-01 2.898638701374980226e-02 0.000000000000000000e+00
8.555065872811440375e-01 2.898729394156545139e-02 0.000000000000000000e+00
8.555065872811440375e-01 2.898820086938110746e-02 0.000000000000000000e+00
8.555065872811440375e-01 2.898910779719676006e-02 0.000000000000000000e+00
8.555065872811440375e-01 2.899001472501241267e-02 0.000000000000000000e+00
8.555065872811440375e-01 2.899092165282806527e-02 0.000000000000000000e+00
8.555065872811440375e-01 2.899182858064372134e-02 0.000000000000000000e+00
8.555065872811440375e-01 2.899273550845937047e-02 0.000000000000000000e+00
8.555065872811440375e-01 2.899364243627502655e-02 0.000000000000000000e+00
8.555065872811440375e-01 2.899454936409068262e-02 0.000000000000000000e+00
8.555065872811440375e-01 2.899545629190633522e-02 0.000000000000000000e+00
8.555065872811440375e-01 2.899636321972198783e-02 0.000000000000000000e+00
8.555065872811440375e-01 2.899727014753764043e-02 0.000000000000000000e+00
8.555065872811440375e-01 2.899817707535329303e-02 0.000000000000000000e+00
8.555065872811440375e-01 2.899908400316894910e-02 0.000000000000000000e+00
8.555065872811440375e-01 2.899999093098460518e-02 0.000000000000000000e+00
8.555065872811440375e-01 2.900089785880025778e-02 0.000000000000000000e+00
8.555065872811440375e-01 2.900180478661591038e-02 0.000000000000000000e+00
8.555065872811440375e-01 2.900271171443156298e-02 0.000000000000000000e+00
8.555065872811440375e-01 2.900361864224721559e-02 0.000000000000000000e+00
8.555065872811440375e-01 2.900452557006287166e-02 0.000000000000000000e+00
8.555065872811440375e-01 2.900543249787852426e-02 0.000000000000000000e+00
8.555065872811440375e-01 2.900633942569418033e-02 0.000000000000000000e+00
8.555065872811440375e-01 2.900724635350983294e-02 0.000000000000000000e+00
8.555065872811440375e-01 2.900815328132548554e-02 0.000000000000000000e+00
8.555065872811440375e-01 2.900906020914113814e-02 0.000000000000000000e+00
8.555065872811440375e-01 2.900996713695679075e-02 0.000000000000000000e+00
8.555065872811440375e-01 2.901087406477244682e-02 0.000000000000000000e+00
8.555065872811440375e-01 2.901178099258810289e-02 0.000000000000000000e+00
8.555065872811440375e-01 2.901268792040375549e-02 0.000000000000000000e+00
8.555065872811440375e-01 2.901359484821940810e-02 0.000000000000000000e+00
8.555065872811440375e-01 2.901450177603506070e-02 0.000000000000000000e+00
8.555065872811440375e-01 2.901540870385071330e-02 0.000000000000000000e+00
8.555065872811440375e-01 2.901631563166636937e-02 0.000000000000000000e+00
8.555065872811440375e-01 2.901722255948202545e-02 0.000000000000000000e+00
8.555065872811440375e-01 2.901812948729767805e-02 0.000000000000000000e+00
8.555065872811440375e-01 2.901903641511333065e-02 0.000000000000000000e+00
8.555065872811440375e-01 2.901994334292898325e-02 0.000000000000000000e+00
8.555065872811440375e-01 2.902085027074463586e-02 0.000000000000000000e+00
8.555065872811440375e-01 2.902175719856028846e-02 0.000000000000000000e+00
8.555065872811440375e-01 2.902266412637594453e-02 0.000000000000000000e+00
8.555065872811440375e-01 2.902357105419159713e-02 0.000000000000000000e+00
8.555065872811440375e-01 2.902447798200725321e-02 0.000000000000000000e+00
8.555065872811440375e-01 2.902538490982290581e-02 0.000000000000000000e+00
8.555065872811440375e-01 2.902629183763855841e-02 0.000000000000000000e+00
8.555065872811440375e-01 2.902719876545421102e-02 0.000000000000000000e+00
8.555065872811440375e-01 2.902810569326986709e-02 0.000000000000000000e+00
8.555065872811440375e-01 2.902901262108552316e-02 0.000000000000000000e+00
8.555065872811440375e-01 2.902991954890117229e-02 0.000000000000000000e+00
8.555065872811440375e-01 2.903082647671682837e-02 0.000000000000000000e+00
8.555065872811440375e-01 2.903173340453248097e-02 0.000000000000000000e+00
8.555065872811440375e-01 2.903264033234813357e-02 0.000000000000000000e+00
8.555065872811440375e-01 2.903354726016378617e-02 0.000000000000000000e+00
8.555065872811440375e-01 2.903445418797943878e-02 0.000000000000000000e+00
8.555065872811440375e-01 2.903536111579509832e-02 0.000000000000000000e+00
8.555065872811440375e-01 2.903626804361075092e-02 0.000000000000000000e+00
8.555065872811440375e-01 2.903717497142640352e-02 0.000000000000000000e+00
8.555065872811440375e-01 2.903808189924205613e-02 0.000000000000000000e+00
8.555065872811440375e-01 2.903898882705770873e-02 0.000000000000000000e+00
8.555065872811440375e-01 2.903989575487336827e-02 0.000000000000000000e+00
8.555065872811440375e-01 2.904080268268901741e-02 0.000000000000000000e+00
8.555065872811440375e-01 2.904170961050467348e-02 0.000000000000000000e+00
8.555065872811440375e-01 2.904261653832032608e-02 0.000000000000000000e+00
8.555065872811440375e-01 2.904352346613597521e-02 0.000000000000000000e+00
8.555065872811440375e-01 2.904443039395163129e-02 0.000000000000000000e+00
8.555065872811440375e-01 2.904533732176728389e-02 0.000000000000000000e+00
8.555065872811440375e-01 2.904624424958293649e-02 0.000000000000000000e+00
8.555065872811440375e-01 2.904715117739859603e-02 0.000000000000000000e+00
8.555065872811440375e-01 2.904805810521424517e-02 0.000000000000000000e+00
8.555065872811440375e-01 2.904896503302990124e-02 0.000000000000000000e+00
8.555065872811440375e-01 2.904987196084555384e-02 0.000000000000000000e+00
8.555065872811440375e-01 2.905077888866120644e-02 0.000000000000000000e+00
8.555065872811440375e-01 2.905168581647686252e-02 0.000000000000000000e+00
8.555065872811440375e-01 2.905259274429251165e-02 0.000000000000000000e+00
8.555065872811440375e-01 2.905349967210817119e-02 0.000000000000000000e+00
8.555065872811440375e-01 2.905440659992382380e-02 0.000000000000000000e+00
8.555065872811440375e-01 2.905531352773947640e-02 0.000000000000000000e+00
8.555065872811440375e-01 2.905622045555513247e-02 0.000000000000000000e+00
8.555065872811440375e-01 2.905712738337078160e-02 0.000000000000000000e+00
8.555065872811440375e-01 2.905803431118644115e-02 0.000000000000000000e+00
8.555065872811440375e-01 2.905894123900208681e-02 0.000000000000000000e+00
8.555065872811440375e-01 2.905984816681774288e-02 0.000000000000000000e+00
8.555065872811440375e-01 2.906075509463339895e-02 0.000000000000000000e+00
8.555065872811440375e-01 2.906166202244905156e-02 0.000000000000000000e+00
8.555065872811440375e-01 2.906256895026470763e-02 0.000000000000000000e+00
8.555065872811440375e-01 2.906347587808036023e-02 0.000000000000000000e+00
8.555065872811440375e-01 2.906438280589600937e-02 0.000000000000000000e+00
8.555065872811440375e-01 2.906528973371166891e-02 0.000000000000000000e+00
8.555065872811440375e-01 2.906619666152731804e-02 0.000000000000000000e+00
8.555065872811440375e-01 2.906710358934297411e-02 0.000000000000000000e+00
8.555065872811440375e-01 2.906801051715862672e-02 0.000000000000000000e+00
8.555065872811440375e-01 2.906891744497427932e-02 0.000000000000000000e+00
8.555065872811440375e-01 2.906982437278993192e-02 0.000000000000000000e+00
8.555065872811440375e-01 2.907073130060558452e-02 0.000000000000000000e+00
8.555065872811440375e-01 2.907163822842124407e-02 0.000000000000000000e+00
8.555065872811440375e-01 2.907254515623689667e-02 0.000000000000000000e+00
8.555065872811440375e-01 2.907345208405254927e-02 0.000000000000000000e+00
8.555065872811440375e-01 2.907435901186820534e-02 0.000000000000000000e+00
8.555065872811440375e-01 2.907526593968385448e-02 0.000000000000000000e+00
8.555065872811440375e-01 2.907617286749950708e-02 0.000000000000000000e+00
8.555065872811440375e-01 2.907707979531516315e-02 0.000000000000000000e+00
8.555065872811440375e-01 2.907798672313081922e-02 0.000000000000000000e+00
8.555065872811440375e-01 2.907889365094647183e-02 0.000000000000000000e+00
8.555065872811440375e-01 2.907980057876212443e-02 0.000000000000000000e+00
8.555065872811440375e-01 2.908070750657778050e-02 0.000000000000000000e+00
8.555065872811440375e-01 2.908161443439342964e-02 0.000000000000000000e+00
8.555065872811440375e-01 2.908252136220908224e-02 0.000000000000000000e+00
8.555065872811440375e-01 2.908342829002474178e-02 0.000000000000000000e+00
8.555065872811440375e-01 2.908433521784039091e-02 0.000000000000000000e+00
8.555065872811440375e-01 2.908524214565604699e-02 0.000000000000000000e+00
8.555065872811440375e-01 2.908614907347169959e-02 0.000000000000000000e+00
8.555065872811440375e-01 2.908705600128735219e-02 0.000000000000000000e+00
8.555065872811440375e-01 2.908796292910300826e-02 0.000000000000000000e+00
8.555065872811440375e-01 2.908886985691865740e-02 0.000000000000000000e+00
8.555065872811440375e-01 2.908977678473431694e-02 0.000000000000000000e+00
8.555065872811440375e-01 2.909068371254996954e-02 0.000000000000000000e+00
8.555065872811440375e-01 2.909159064036562214e-02 0.000000000000000000e+00
8.555065872811440375e-01 2.909249756818127475e-02 0.000000000000000000e+00
8.555065872811440375e-01 2.909340449599692735e-02 0.000000000000000000e+00
8.555065872811440375e-01 2.909431142381258342e-02 0.000000000000000000e+00
8.555065872811440375e-01 2.909521835162823603e-02 0.000000000000000000e+00
8.555065872811440375e-01 2.909612527944389210e-02 0.000000000000000000e+00
8.555065872811440375e-01 2.909703220725954470e-02 0.000000000000000000e+00
8.555065872811440375e-01 2.909793913507519730e-02 0.000000000000000000e+00
8.555065872811440375e-01 2.909884606289084991e-02 0.000000000000000000e+00
8.555065872811440375e-01 2.909975299070650251e-02 0.000000000000000000e+00
8.555065872811440375e-01 2.910065991852215858e-02 0.000000000000000000e+00
8.555065872811440375e-01 2.910156684633781465e-02 0.000000000000000000e+00
8.555065872811440375e-01 2.910247377415346726e-02 0.000000000000000000e+00
8.555065872811440375e-01 2.910338070196911986e-02 0.000000000000000000e+00
8.555065872811440375e-01 2.910428762978477246e-02 0.000000000000000000e+00
8.555065872811440375e-01 2.910519455760042506e-02 0.000000000000000000e+00
8.555065872811440375e-01 2.910610148541608461e-02 0.000000000000000000e+00
8.555065872811440375e-01 2.910700841323173027e-02 0.000000000000000000e+00
8.555065872811440375e-01 2.910791534104738981e-02 0.000000000000000000e+00
8.555065872811440375e-01 2.910882226886304242e-02 0.000000000000000000e+00
8.555065872811440375e-01 2.910972919667869155e-02 0.000000000000000000e+00
8.555065872811440375e-01 2.911063612449434762e-02 0.000000000000000000e+00
8.555065872811440375e-01 2.911154305231000022e-02 0.000000000000000000e+00
8.555065872811440375e-01 2.911244998012565630e-02 0.000000000000000000e+00
8.555065872811440375e-01 2.911335690794131237e-02 0.000000000000000000e+00
8.555065872811440375e-01 2.911426383575696497e-02 0.000000000000000000e+00
8.555065872811441485e-01 2.911517076357261757e-02 0.000000000000000000e+00
8.555065872811439265e-01 2.911607769138827018e-02 0.000000000000000000e+00
8.555065872811440375e-01 2.911698461920392278e-02 0.000000000000000000e+00
8.555065872811440375e-01 2.911789154701957885e-02 0.000000000000000000e+00
8.555065872811440375e-01 2.911879847483523145e-02 0.000000000000000000e+00
8.555065872811440375e-01 2.911970540265088753e-02 0.000000000000000000e+00
8.555065872811440375e-01 2.912061233046654013e-02 0.000000000000000000e+00
8.555065872811440375e-01 2.912151925828219273e-02 0.000000000000000000e+00
8.555065872811440375e-01 2.912242618609784534e-02 0.000000000000000000e+00
8.555065872811440375e-01 2.912333311391349794e-02 0.000000000000000000e+00
8.555065872811440375e-01 2.912424004172915748e-02 0.000000000000000000e+00
8.555065872811440375e-01 2.912514696954480661e-02 0.000000000000000000e+00
8.555065872811440375e-01 2.912605389736045922e-02 0.000000000000000000e+00
8.555065872811440375e-01 2.912696082517611529e-02 0.000000000000000000e+00
8.555065872811440375e-01 2.912786775299176789e-02 0.000000000000000000e+00
8.555065872811440375e-01 2.912877468080742396e-02 0.000000000000000000e+00
8.555065872811440375e-01 2.912968160862307657e-02 0.000000000000000000e+00
8.555065872811440375e-01 2.913058853643873264e-02 0.000000000000000000e+00
8.555065872811440375e-01 2.913149546425438524e-02 0.000000000000000000e+00
8.555065872811440375e-01 2.913240239207003437e-02 0.000000000000000000e+00
8.555065872811440375e-01 2.913330931988569045e-02 0.000000000000000000e+00
8.555065872811440375e-01 2.913421624770134305e-02 0.000000000000000000e+00
8.555065872811440375e-01 2.913512317551699565e-02 0.000000000000000000e+00
8.555065872811440375e-01 2.913603010333265173e-02 0.000000000000000000e+00
8.555065872811440375e-01 2.913693703114830433e-02 0.000000000000000000e+00
8.555065872811441485e-01 2.913784395896396040e-02 0.000000000000000000e+00
8.555065872811440375e-01 2.913875088677961300e-02 0.000000000000000000e+00
8.555065872811440375e-01 2.913965781459526561e-02 0.000000000000000000e+00
8.555065872811440375e-01 2.914056474241091821e-02 0.000000000000000000e+00
8.555065872811440375e-01 2.914147167022657081e-02 0.000000000000000000e+00
8.555065872811440375e-01 2.914237859804223035e-02 0.000000000000000000e+00
8.555065872811440375e-01 2.914328552585787949e-02 0.000000000000000000e+00
8.555065872811440375e-01 2.914419245367353556e-02 0.000000000000000000e+00
8.555065872811440375e-01 2.914509938148918816e-02 0.000000000000000000e+00
8.555065872811439265e-01 2.914600630930484076e-02 0.000000000000000000e+00
8.555065872811440375e-01 2.914691323712049684e-02 0.000000000000000000e+00
8.555065872811440375e-01 2.914782016493614944e-02 0.000000000000000000e+00
8.555065872811440375e-01 2.914872709275179857e-02 0.000000000000000000e+00
8.555065872811440375e-01 2.914963402056745465e-02 0.000000000000000000e+00
8.555065872811440375e-01 2.915054094838310725e-02 0.000000000000000000e+00
8.555065872811440375e-01 2.915144787619876332e-02 0.000000000000000000e+00
8.555065872811440375e-01 2.915235480401441592e-02 0.000000000000000000e+00
8.555065872811440375e-01 2.915326173183007200e-02 0.000000000000000000e+00
8.555065872811440375e-01 2.915416865964572807e-02 0.000000000000000000e+00
8.555065872811440375e-01 2.915507558746137373e-02 0.000000000000000000e+00
8.555065872811440375e-01 2.915598251527703327e-02 0.000000000000000000e+00
8.555065872811440375e-01 2.915688944309268588e-02 0.000000000000000000e+00
8.555065872811440375e-01 2.915779637090833848e-02 0.000000000000000000e+00
8.555065872811440375e-01 2.915870329872399455e-02 0.000000000000000000e+00
8.555065872811440375e-01 2.915961022653964368e-02 0.000000000000000000e+00
8.555065872811441485e-01 2.916051715435529976e-02 0.000000000000000000e+00
8.555065872811440375e-01 2.916142408217095236e-02 0.000000000000000000e+00
8.555065872811440375e-01 2.916233100998660843e-02 0.000000000000000000e+00
8.555065872811440375e-01 2.916323793780226104e-02 0.000000000000000000e+00
8.555065872811440375e-01 2.916414486561791364e-02 0.000000000000000000e+00
8.555065872811440375e-01 2.916505179343357318e-02 0.000000000000000000e+00
8.555065872811440375e-01 2.916595872124921884e-02 0.000000000000000000e+00
8.555065872811440375e-01 2.916686564906487492e-02 0.000000000000000000e+00
8.555065872811441485e-01 2.916777257688053099e-02 0.000000000000000000e+00
8.555065872811439265e-01 2.916867950469618359e-02 0.000000000000000000e+00
8.555065872811440375e-01 2.916958643251183966e-02 0.000000000000000000e+00
8.555065872811440375e-01 2.917049336032749227e-02 0.000000000000000000e+00
8.555065872811440375e-01 2.917140028814314140e-02 0.000000000000000000e+00
8.555065872811440375e-01 2.917230721595879747e-02 0.000000000000000000e+00
8.555065872811440375e-01 2.917321414377444661e-02 0.000000000000000000e+00
8.555065872811440375e-01 2.917412107159010615e-02 0.000000000000000000e+00
8.555065872811440375e-01 2.917502799940575875e-02 0.000000000000000000e+00
8.555065872811440375e-01 2.917593492722141135e-02 0.000000000000000000e+00
8.555065872811440375e-01 2.917684185503706396e-02 0.000000000000000000e+00
8.555065872811440375e-01 2.917774878285271656e-02 0.000000000000000000e+00
8.555065872811440375e-01 2.917865571066837610e-02 0.000000000000000000e+00
8.555065872811440375e-01 2.917956263848402870e-02 0.000000000000000000e+00
8.555065872811440375e-01 2.918046956629968131e-02 0.000000000000000000e+00
8.555065872811440375e-01 2.918137649411533738e-02 0.000000000000000000e+00
8.555065872811440375e-01 2.918228342193098651e-02 0.000000000000000000e+00
8.555065872811441485e-01 2.918319034974663911e-02 0.000000000000000000e+00
8.555065872811440375e-01 2.918409727756229172e-02 0.000000000000000000e+00
8.555065872811440375e-01 2.918500420537794779e-02 0.000000000000000000e+00
8.555065872811440375e-01 2.918591113319360386e-02 0.000000000000000000e+00
8.555065872811440375e-01 2.918681806100925646e-02 0.000000000000000000e+00
8.555065872811440375e-01 2.918772498882490907e-02 0.000000000000000000e+00
8.555065872811440375e-01 2.918863191664056167e-02 0.000000000000000000e+00
8.555065872811440375e-01 2.918953884445621427e-02 0.000000000000000000e+00
8.555065872811441485e-01 2.919044577227187381e-02 0.000000000000000000e+00
8.555065872811439265e-01 2.919135270008752295e-02 0.000000000000000000e+00
8.555065872811440375e-01 2.919225962790317902e-02 0.000000000000000000e+00
8.555065872811440375e-01 2.919316655571883162e-02 0.000000000000000000e+00
8.555065872811440375e-01 2.919407348353448423e-02 0.000000000000000000e+00
8.555065872811440375e-01 2.919498041135014030e-02 0.000000000000000000e+00
8.555065872811440375e-01 2.919588733916578943e-02 0.000000000000000000e+00
8.555065872811440375e-01 2.919679426698144550e-02 0.000000000000000000e+00
8.555065872811440375e-01 2.919770119479710158e-02 0.000000000000000000e+00
8.555065872811440375e-01 2.919860812261275418e-02 0.000000000000000000e+00
8.555065872811440375e-01 2.919951505042840678e-02 0.000000000000000000e+00
8.555065872811440375e-01 2.920042197824405938e-02 0.000000000000000000e+00
8.555065872811440375e-01 2.920132890605971199e-02 0.000000000000000000e+00
8.555065872811440375e-01 2.920223583387536806e-02 0.000000000000000000e+00
8.555065872811440375e-01 2.920314276169102413e-02 0.000000000000000000e+00
8.555065872811440375e-01 2.920404968950667673e-02 0.000000000000000000e+00
8.555065872811440375e-01 2.920495661732232934e-02 0.000000000000000000e+00
8.555065872811440375e-01 2.920586354513798194e-02 0.000000000000000000e+00
8.555065872811440375e-01 2.920677047295363454e-02 0.000000000000000000e+00
8.555065872811440375e-01 2.920767740076929062e-02 0.000000000000000000e+00
8.555065872811440375e-01 2.920858432858494669e-02 0.000000000000000000e+00
8.555065872811440375e-01 2.920949125640059582e-02 0.000000000000000000e+00
8.555065872811440375e-01 2.921039818421625189e-02 0.000000000000000000e+00
8.555065872811440375e-01 2.921130511203190450e-02 0.000000000000000000e+00
8.555065872811440375e-01 2.921221203984755710e-02 0.000000000000000000e+00
8.555065872811441485e-01 2.921311896766321317e-02 0.000000000000000000e+00
8.555065872811439265e-01 2.921402589547886230e-02 0.000000000000000000e+00
8.555065872811440375e-01 2.921493282329452185e-02 0.000000000000000000e+00
8.555065872811440375e-01 2.921583975111017445e-02 0.000000000000000000e+00
8.555065872811440375e-01 2.921674667892582358e-02 0.000000000000000000e+00
8.555065872811440375e-01 2.921765360674147965e-02 0.000000000000000000e+00
8.555065872811440375e-01 2.921856053455713226e-02 0.000000000000000000e+00
8.555065872811440375e-01 2.921946746237278833e-02 0.000000000000000000e+00
8.555065872811440375e-01 2.922037439018844440e-02 0.000000000000000000e+00
8.555065872811439265e-01 2.922128131800409701e-02 0.000000000000000000e+00
8.555065872811440375e-01 2.922218824581974961e-02 0.000000000000000000e+00
8.555065872811440375e-01 2.922309517363539874e-02 0.000000000000000000e+00
8.555065872811440375e-01 2.922400210145105481e-02 0.000000000000000000e+00
8.555065872811440375e-01 2.922490902926670742e-02 0.000000000000000000e+00
8.555065872811440375e-01 2.922581595708236002e-02 0.000000000000000000e+00
8.555065872811440375e-01 2.922672288489801956e-02 0.000000000000000000e+00
8.555065872811440375e-01 2.922762981271366522e-02 0.000000000000000000e+00
8.555065872811440375e-01 2.922853674052932477e-02 0.000000000000000000e+00
8.555065872811440375e-01 2.922944366834497737e-02 0.000000000000000000e+00
8.555065872811440375e-01 2.923035059616062997e-02 0.000000000000000000e+00
8.555065872811440375e-01 2.923125752397628951e-02 0.000000000000000000e+00
8.555065872811439265e-01 2.923216445179193865e-02 0.000000000000000000e+00
8.555065872811440375e-01 2.923307137960759125e-02 0.000000000000000000e+00
8.555065872811440375e-01 2.923397830742324732e-02 0.000000000000000000e+00
8.555065872811440375e-01 2.923488523523889993e-02 0.000000000000000000e+00
8.555065872811441485e-01 2.923579216305455600e-02 0.000000000000000000e+00
8.555065872811439265e-01 2.923669909087020513e-02 0.000000000000000000e+00
8.555065872811440375e-01 2.923760601868586120e-02 0.000000000000000000e+00
8.555065872811440375e-01 2.923851294650151728e-02 0.000000000000000000e+00
8.555065872811439265e-01 2.923941987431716294e-02 0.000000000000000000e+00
8.555065872811441485e-01 2.924032680213282248e-02 0.000000000000000000e+00
8.555065872811440375e-01 2.924123372994847508e-02 0.000000000000000000e+00
8.555065872811440375e-01 2.924214065776412769e-02 0.000000000000000000e+00
8.555065872811440375e-01 2.924304758557978376e-02 0.000000000000000000e+00
8.555065872811439265e-01 2.924395451339543636e-02 0.000000000000000000e+00
8.555065872811440375e-01 2.924486144121108896e-02 0.000000000000000000e+00
8.555065872811440375e-01 2.924576836902674157e-02 0.000000000000000000e+00
8.555065872811440375e-01 2.924667529684239764e-02 0.000000000000000000e+00
8.555065872811440375e-01 2.924758222465805024e-02 0.000000000000000000e+00
8.555065872811440375e-01 2.924848915247370285e-02 0.000000000000000000e+00
8.555065872811440375e-01 2.924939608028936239e-02 0.000000000000000000e+00
8.555065872811440375e-01 2.925030300810501152e-02 0.000000000000000000e+00
8.555065872811440375e-01 2.925120993592066412e-02 0.000000000000000000e+00
8.555065872811440375e-01 2.925211686373632020e-02 0.000000000000000000e+00
8.555065872811440375e-01 2.925302379155197280e-02 0.000000000000000000e+00
8.555065872811440375e-01 2.925393071936762887e-02 0.000000000000000000e+00
8.555065872811440375e-01 2.925483764718328147e-02 0.000000000000000000e+00
8.555065872811440375e-01 2.925574457499893061e-02 0.000000000000000000e+00
8.555065872811440375e-01 2.925665150281458668e-02 0.000000000000000000e+00
8.555065872811440375e-01 2.925755843063023928e-02 0.000000000000000000e+00
8.555065872811441485e-01 2.925846535844589535e-02 0.000000000000000000e+00
8.555065872811440375e-01 2.925937228626154796e-02 0.000000000000000000e+00
8.555065872811440375e-01 2.926027921407720403e-02 0.000000000000000000e+00
8.555065872811440375e-01 2.926118614189285316e-02 0.000000000000000000e+00
8.555065872811439265e-01 2.926209306970850577e-02 0.000000000000000000e+00
8.555065872811441485e-01 2.926299999752416531e-02 0.000000000000000000e+00
8.555065872811440375e-01 2.926390692533981791e-02 0.000000000000000000e+00
8.555065872811440375e-01 2.926481385315547051e-02 0.000000000000000000e+00
8.555065872811440375e-01 2.926572078097112312e-02 0.000000000000000000e+00
8.555065872811439265e-01 2.926662770878677572e-02 0.000000000000000000e+00
8.555065872811440375e-01 2.926753463660243179e-02 0.000000000000000000e+00
8.555065872811440375e-01 2.926844156441808439e-02 0.000000000000000000e+00
8.555065872811440375e-01 2.926934849223374047e-02 0.000000000000000000e+00
8.555065872811440375e-01 2.927025542004939307e-02 0.000000000000000000e+00
8.555065872811440375e-01 2.927116234786504567e-02 0.000000000000000000e+00
8.555065872811440375e-01 2.927206927568070174e-02 0.000000000000000000e+00
8.555065872811440375e-01 2.927297620349635088e-02 0.000000000000000000e+00
8.555065872811440375e-01 2.927388313131200695e-02 0.000000000000000000e+00
8.555065872811440375e-01 2.927479005912765955e-02 0.000000000000000000e+00
8.555065872811440375e-01 2.927569698694331216e-02 0.000000000000000000e+00
8.555065872811440375e-01 2.927660391475896823e-02 0.000000000000000000e+00
8.555065872811440375e-01 2.927751084257462430e-02 0.000000000000000000e+00
8.555065872811440375e-01 2.927841777039027343e-02 0.000000000000000000e+00
8.555065872811440375e-01 2.927932469820592604e-02 0.000000000000000000e+00
8.555065872811440375e-01 2.928023162602157864e-02 0.000000000000000000e+00
8.555065872811441485e-01 2.928113855383723818e-02 0.000000000000000000e+00
8.555065872811440375e-01 2.928204548165289078e-02 0.000000000000000000e+00
8.555065872811440375e-01 2.928295240946854339e-02 0.000000000000000000e+00
8.555065872811440375e-01 2.928385933728419599e-02 0.000000000000000000e+00
8.555065872811439265e-01 2.928476626509984859e-02 0.000000000000000000e+00
8.555065872811440375e-01 2.928567319291550466e-02 0.000000000000000000e+00
8.555065872811440375e-01 2.928658012073115727e-02 0.000000000000000000e+00
8.555065872811440375e-01 2.928748704854681334e-02 0.000000000000000000e+00
8.555065872811440375e-01 2.928839397636246594e-02 0.000000000000000000e+00
8.555065872811439265e-01 2.928930090417811855e-02 0.000000000000000000e+00
8.555065872811440375e-01 2.929020783199377115e-02 0.000000000000000000e+00
8.555065872811440375e-01 2.929111475980942375e-02 0.000000000000000000e+00
8.555065872811440375e-01 2.929202168762507982e-02 0.000000000000000000e+00
8.555065872811440375e-01 2.929292861544073243e-02 0.000000000000000000e+00
8.555065872811440375e-01 2.929383554325638850e-02 0.000000000000000000e+00
8.555065872811440375e-01 2.929474247107204457e-02 0.000000000000000000e+00
8.555065872811440375e-01 2.929564939888769370e-02 0.000000000000000000e+00
8.555065872811439265e-01 2.929655632670334631e-02 0.000000000000000000e+00
8.555065872811440375e-01 2.929746325451899891e-02 0.000000000000000000e+00
8.555065872811440375e-01 2.929837018233465498e-02 0.000000000000000000e+00
8.555065872811440375e-01 2.929927711015031105e-02 0.000000000000000000e+00
8.555065872811440375e-01 2.930018403796596366e-02 0.000000000000000000e+00
8.555065872811440375e-01 2.930109096578161626e-02 0.000000000000000000e+00
8.555065872811440375e-01 2.930199789359726886e-02 0.000000000000000000e+00
8.555065872811440375e-01 2.930290482141292147e-02 0.000000000000000000e+00
8.555065872811441485e-01 2.930381174922857754e-02 0.000000000000000000e+00
8.555065872811440375e-01 2.930471867704423361e-02 0.000000000000000000e+00
8.555065872811440375e-01 2.930562560485988621e-02 0.000000000000000000e+00
8.555065872811440375e-01 2.930653253267553882e-02 0.000000000000000000e+00
8.555065872811440375e-01 2.930743946049119142e-02 0.000000000000000000e+00
8.555065872811440375e-01 2.930834638830684402e-02 0.000000000000000000e+00
8.555065872811440375e-01 2.930925331612250009e-02 0.000000000000000000e+00
8.555065872811440375e-01 2.931016024393815270e-02 0.000000000000000000e+00
8.555065872811441485e-01 2.931106717175380877e-02 0.000000000000000000e+00
8.555065872811439265e-01 2.931197409956945790e-02 0.000000000000000000e+00
8.555065872811440375e-01 2.931288102738511397e-02 0.000000000000000000e+00
8.555065872811440375e-01 2.931378795520076658e-02 0.000000000000000000e+00
8.555065872811440375e-01 2.931469488301641918e-02 0.000000000000000000e+00
8.555065872811441485e-01 2.931560181083207872e-02 0.000000000000000000e+00
8.555065872811440375e-01 2.931650873864772786e-02 0.000000000000000000e+00
8.555065872811440375e-01 2.931741566646338046e-02 0.000000000000000000e+00
8.555065872811440375e-01 2.931832259427903653e-02 0.000000000000000000e+00
8.555065872811439265e-01 2.931922952209468913e-02 0.000000000000000000e+00
8.555065872811440375e-01 2.932013644991034521e-02 0.000000000000000000e+00
8.555065872811440375e-01 2.932104337772599781e-02 0.000000000000000000e+00
8.555065872811440375e-01 2.932195030554165388e-02 0.000000000000000000e+00
8.555065872811440375e-01 2.932285723335730648e-02 0.000000000000000000e+00
8.555065872811440375e-01 2.932376416117295562e-02 0.000000000000000000e+00
8.555065872811440375e-01 2.932467108898861169e-02 0.000000000000000000e+00
8.555065872811440375e-01 2.932557801680426429e-02 0.000000000000000000e+00
8.555065872811440375e-01 2.932648494461992036e-02 0.000000000000000000e+00
8.555065872811440375e-01 2.932739187243557297e-02 0.000000000000000000e+00
8.555065872811440375e-01 2.932829880025122557e-02 0.000000000000000000e+00
8.555065872811440375e-01 2.932920572806688164e-02 0.000000000000000000e+00
8.555065872811440375e-01 2.933011265588253424e-02 0.000000000000000000e+00
8.555065872811440375e-01 2.933101958369818685e-02 0.000000000000000000e+00
8.555065872811440375e-01 2.933192651151383945e-02 0.000000000000000000e+00
8.555065872811440375e-01 2.933283343932949552e-02 0.000000000000000000e+00
8.555065872811441485e-01 2.933374036714515160e-02 0.000000000000000000e+00
8.555065872811440375e-01 2.933464729496080073e-02 0.000000000000000000e+00
8.555065872811440375e-01 2.933555422277645333e-02 0.000000000000000000e+00
8.555065872811440375e-01 2.933646115059210940e-02 0.000000000000000000e+00
8.555065872811440375e-01 2.933736807840776201e-02 0.000000000000000000e+00
8.555065872811441485e-01 2.933827500622341808e-02 0.000000000000000000e+00
8.555065872811440375e-01 2.933918193403907415e-02 0.000000000000000000e+00
8.555065872811440375e-01 2.934008886185471982e-02 0.000000000000000000e+00
8.555065872811440375e-01 2.934099578967037589e-02 0.000000000000000000e+00
8.555065872811439265e-01 2.934190271748602849e-02 0.000000000000000000e+00
8.555065872811440375e-01 2.934280964530168456e-02 0.000000000000000000e+00
8.555065872811440375e-01 2.934371657311734063e-02 0.000000000000000000e+00
8.555065872811440375e-01 2.934462350093299324e-02 0.000000000000000000e+00
8.555065872811440375e-01 2.934553042874864931e-02 0.000000000000000000e+00
8.555065872811440375e-01 2.934643735656429497e-02 0.000000000000000000e+00
8.555065872811440375e-01 2.934734428437995452e-02 0.000000000000000000e+00
8.555065872811440375e-01 2.934825121219560712e-02 0.000000000000000000e+00
8.555065872811440375e-01 2.934915814001125972e-02 0.000000000000000000e+00
8.555065872811440375e-01 2.935006506782691232e-02 0.000000000000000000e+00
8.555065872811440375e-01 2.935097199564256840e-02 0.000000000000000000e+00
8.555065872811440375e-01 2.935187892345822100e-02 0.000000000000000000e+00
8.555065872811440375e-01 2.935278585127387360e-02 0.000000000000000000e+00
8.555065872811440375e-01 2.935369277908952967e-02 0.000000000000000000e+00
8.555065872811440375e-01 2.935459970690518228e-02 0.000000000000000000e+00
8.555065872811440375e-01 2.935550663472083488e-02 0.000000000000000000e+00
8.555065872811441485e-01 2.935641356253649442e-02 0.000000000000000000e+00
8.555065872811440375e-01 2.935732049035214355e-02 0.000000000000000000e+00
8.555065872811440375e-01 2.935822741816779616e-02 0.000000000000000000e+00
8.555065872811440375e-01 2.935913434598344876e-02 0.000000000000000000e+00
8.555065872811440375e-01 2.936004127379910483e-02 0.000000000000000000e+00
8.555065872811441485e-01 2.936094820161476091e-02 0.000000000000000000e+00
8.555065872811440375e-01 2.936185512943041351e-02 0.000000000000000000e+00
8.555065872811440375e-01 2.936276205724606264e-02 0.000000000000000000e+00
8.555065872811440375e-01 2.936366898506171524e-02 0.000000000000000000e+00
8.555065872811439265e-01 2.936457591287737132e-02 0.000000000000000000e+00
8.555065872811440375e-01 2.936548284069302739e-02 0.000000000000000000e+00
8.555065872811441485e-01 2.936638976850867999e-02 0.000000000000000000e+00
8.555065872811440375e-01 2.936729669632433259e-02 0.000000000000000000e+00
8.555065872811440375e-01 2.936820362413998520e-02 0.000000000000000000e+00
8.555065872811440375e-01 2.936911055195563780e-02 0.000000000000000000e+00
8.555065872811440375e-01 2.937001747977129387e-02 0.000000000000000000e+00
8.555065872811440375e-01 2.937092440758694994e-02 0.000000000000000000e+00
8.555065872811440375e-01 2.937183133540260255e-02 0.000000000000000000e+00
8.555065872811440375e-01 2.937273826321825515e-02 0.000000000000000000e+00
8.555065872811440375e-01 2.937364519103390775e-02 0.000000000000000000e+00
8.555065872811440375e-01 2.937455211884956383e-02 0.000000000000000000e+00
8.555065872811440375e-01 2.937545904666521643e-02 0.000000000000000000e+00
8.555065872811440375e-01 2.937636597448086903e-02 0.000000000000000000e+00
8.555065872811440375e-01 2.937727290229652163e-02 0.000000000000000000e+00
8.555065872811440375e-01 2.937817983011217771e-02 0.000000000000000000e+00
8.555065872811441485e-01 2.937908675792783378e-02 0.000000000000000000e+00
8.555065872811440375e-01 2.937999368574348291e-02 0.000000000000000000e+00
8.555065872811440375e-01 2.938090061355913551e-02 0.000000000000000000e+00
8.555065872811440375e-01 2.938180754137479159e-02 0.000000000000000000e+00
8.555065872811439265e-01 2.938271446919044419e-02 0.000000000000000000e+00
8.555065872811441485e-01 2.938362139700610026e-02 0.000000000000000000e+00
8.555065872811440375e-01 2.938452832482175286e-02 0.000000000000000000e+00
8.555065872811440375e-01 2.938543525263740547e-02 0.000000000000000000e+00
8.555065872811440375e-01 2.938634218045305807e-02 0.000000000000000000e+00
8.555065872811439265e-01 2.938724910826871067e-02 0.000000000000000000e+00
8.555065872811440375e-01 2.938815603608437022e-02 0.000000000000000000e+00
8.555065872811440375e-01 2.938906296390002282e-02 0.000000000000000000e+00
8.555065872811440375e-01 2.938996989171567542e-02 0.000000000000000000e+00
8.555065872811440375e-01 2.939087681953132455e-02 0.000000000000000000e+00
8.555065872811440375e-01 2.939178374734698063e-02 0.000000000000000000e+00
8.555065872811440375e-01 2.939269067516263670e-02 0.000000000000000000e+00
8.555065872811440375e-01 2.939359760297828930e-02 0.000000000000000000e+00
8.555065872811440375e-01 2.939450453079394190e-02 0.000000000000000000e+00
8.555065872811440375e-01 2.939541145860959798e-02 0.000000000000000000e+00
8.555065872811440375e-01 2.939631838642524711e-02 0.000000000000000000e+00
8.555065872811440375e-01 2.939722531424090318e-02 0.000000000000000000e+00
8.555065872811440375e-01 2.939813224205655579e-02 0.000000000000000000e+00
8.555065872811440375e-01 2.939903916987221186e-02 0.000000000000000000e+00
8.555065872811440375e-01 2.939994609768786446e-02 0.000000000000000000e+00
8.555065872811440375e-01 2.940085302550351706e-02 0.000000000000000000e+00
8.555065872811440375e-01 2.940175995331917314e-02 0.000000000000000000e+00
8.555065872811440375e-01 2.940266688113482574e-02 0.000000000000000000e+00
8.555065872811440375e-01 2.940357380895047834e-02 0.000000000000000000e+00
8.555065872811439265e-01 2.940448073676613094e-02 0.000000000000000000e+00
8.555065872811439265e-01 2.940538766458178355e-02 0.000000000000000000e+00
8.555065872811440375e-01 2.940629459239744309e-02 0.000000000000000000e+00
8.555065872811440375e-01 2.940720152021309569e-02 0.000000000000000000e+00
8.555065872811440375e-01 2.940810844802874482e-02 0.000000000000000000e+00
8.555065872811440375e-01 2.940901537584440090e-02 0.000000000000000000e+00
8.555065872811439265e-01 2.940992230366005350e-02 0.000000000000000000e+00
8.555065872811440375e-01 2.941082923147570957e-02 0.000000000000000000e+00
8.555065872811440375e-01 2.941173615929136217e-02 0.000000000000000000e+00
8.555065872811440375e-01 2.941264308710701825e-02 0.000000000000000000e+00
8.555065872811440375e-01 2.941355001492266738e-02 0.000000000000000000e+00
8.555065872811440375e-01 2.941445694273831998e-02 0.000000000000000000e+00
8.555065872811440375e-01 2.941536387055397606e-02 0.000000000000000000e+00
8.555065872811440375e-01 2.941627079836963213e-02 0.000000000000000000e+00
8.555065872811440375e-01 2.941717772618528473e-02 0.000000000000000000e+00
8.555065872811440375e-01 2.941808465400093733e-02 0.000000000000000000e+00
8.555065872811441485e-01 2.941899158181658994e-02 0.000000000000000000e+00
8.555065872811440375e-01 2.941989850963224601e-02 0.000000000000000000e+00
8.555065872811440375e-01 2.942080543744789861e-02 0.000000000000000000e+00
8.555065872811440375e-01 2.942171236526355121e-02 0.000000000000000000e+00
8.555065872811439265e-01 2.942261929307920382e-02 0.000000000000000000e+00
8.555065872811440375e-01 2.942352622089486336e-02 0.000000000000000000e+00
8.555065872811440375e-01 2.942443314871051249e-02 0.000000000000000000e+00
8.555065872811440375e-01 2.942534007652616510e-02 0.000000000000000000e+00
8.555065872811440375e-01 2.942624700434182117e-02 0.000000000000000000e+00
8.555065872811439265e-01 2.942715393215747377e-02 0.000000000000000000e+00
8.555065872811440375e-01 2.942806085997312984e-02 0.000000000000000000e+00
8.555065872811440375e-01 2.942896778778878245e-02 0.000000000000000000e+00
8.555065872811440375e-01 2.942987471560443852e-02 0.000000000000000000e+00
8.555065872811440375e-01 2.943078164342008765e-02 0.000000000000000000e+00
8.555065872811440375e-01 2.943168857123574025e-02 0.000000000000000000e+00
8.555065872811440375e-01 2.943259549905139633e-02 0.000000000000000000e+00
8.555065872811440375e-01 2.943350242686705240e-02 0.000000000000000000e+00
8.555065872811440375e-01 2.943440935468270500e-02 0.000000000000000000e+00
8.555065872811440375e-01 2.943531628249835760e-02 0.000000000000000000e+00
8.555065872811440375e-01 2.943622321031400674e-02 0.000000000000000000e+00
8.555065872811440375e-01 2.943713013812966628e-02 0.000000000000000000e+00
8.555065872811440375e-01 2.943803706594531888e-02 0.000000000000000000e+00
8.555065872811440375e-01 2.943894399376097148e-02 0.000000000000000000e+00
8.555065872811439265e-01 2.943985092157662409e-02 0.000000000000000000e+00
8.555065872811440375e-01 2.944075784939228016e-02 0.000000000000000000e+00
8.555065872811441485e-01 2.944166477720793276e-02 0.000000000000000000e+00
8.555065872811440375e-01 2.944257170502358537e-02 0.000000000000000000e+00
8.555065872811440375e-01 2.944347863283924144e-02 0.000000000000000000e+00
8.555065872811440375e-01 2.944438556065489404e-02 0.000000000000000000e+00
8.555065872811439265e-01 2.944529248847054664e-02 0.000000000000000000e+00
8.555065872811440375e-01 2.944619941628620272e-02 0.000000000000000000e+00
8.555065872811440375e-01 2.944710634410185532e-02 0.000000000000000000e+00
8.555065872811440375e-01 2.944801327191750792e-02 0.000000000000000000e+00
8.555065872811440375e-01 2.944892019973316052e-02 0.000000000000000000e+00
8.555065872811440375e-01 2.944982712754881660e-02 0.000000000000000000e+00
8.555065872811440375e-01 2.945073405536447267e-02 0.000000000000000000e+00
8.555065872811440375e-01 2.945164098318012527e-02 0.000000000000000000e+00
8.555065872811440375e-01 2.945254791099577441e-02 0.000000000000000000e+00
8.555065872811440375e-01 2.945345483881142701e-02 0.000000000000000000e+00
8.555065872811440375e-01 2.945436176662708655e-02 0.000000000000000000e+00
8.555065872811440375e-01 2.945526869444273915e-02 0.000000000000000000e+00
8.555065872811440375e-01 2.945617562225839176e-02 0.000000000000000000e+00
8.555065872811439265e-01 2.945708255007404436e-02 0.000000000000000000e+00
8.555065872811440375e-01 2.945798947788970043e-02 0.000000000000000000e+00
8.555065872811441485e-01 2.945889640570535303e-02 0.000000000000000000e+00
8.555065872811440375e-01 2.945980333352100564e-02 0.000000000000000000e+00
8.555065872811440375e-01 2.946071026133665824e-02 0.000000000000000000e+00
8.555065872811440375e-01 2.946161718915231431e-02 0.000000000000000000e+00
8.555065872811439265e-01 2.946252411696796691e-02 0.000000000000000000e+00
8.555065872811441485e-01 2.946343104478362299e-02 0.000000000000000000e+00
8.555065872811441485e-01 2.946433797259927559e-02 0.000000000000000000e+00
8.555065872811440375e-01 2.946524490041492819e-02 0.000000000000000000e+00
8.555065872811440375e-01 2.946615182823058079e-02 0.000000000000000000e+00
8.555065872811440375e-01 2.946705875604623340e-02 0.000000000000000000e+00
8.555065872811440375e-01 2.946796568386189294e-02 0.000000000000000000e+00
8.555065872811440375e-01 2.946887261167754554e-02 0.000000000000000000e+00
8.555065872811440375e-01 2.946977953949319468e-02 0.000000000000000000e+00
8.555065872811440375e-01 2.947068646730884728e-02 0.000000000000000000e+00
8.555065872811440375e-01 2.947159339512450335e-02 0.000000000000000000e+00
8.555065872811440375e-01 2.947250032294015942e-02 0.000000000000000000e+00
8.555065872811440375e-01 2.947340725075581203e-02 0.000000000000000000e+00
8.555065872811440375e-01 2.947431417857146463e-02 0.000000000000000000e+00
8.555065872811440375e-01 2.947522110638711723e-02 0.000000000000000000e+00
8.555065872811440375e-01 2.947612803420276983e-02 0.000000000000000000e+00
8.555065872811440375e-01 2.947703496201842591e-02 0.000000000000000000e+00
8.555065872811440375e-01 2.947794188983407851e-02 0.000000000000000000e+00
8.555065872811440375e-01 2.947884881764973458e-02 0.000000000000000000e+00
8.555065872811439265e-01 2.947975574546538718e-02 0.000000000000000000e+00
8.555065872811440375e-01 2.948066267328103979e-02 0.000000000000000000e+00
8.555065872811441485e-01 2.948156960109669239e-02 0.000000000000000000e+00
8.555065872811440375e-01 2.948247652891234846e-02 0.000000000000000000e+00
8.555065872811440375e-01 2.948338345672800107e-02 0.000000000000000000e+00
