2.974968748777599009e-02 -1.287752181148200080e-02 0.000000000000000000e+00
2.986422812738373511e-02 -1.358056777855700878e-02 0.000000000000000000e+00
3.005723497976844211e-02 -1.426648934194440881e-02 0.000000000000000000e+00
3.032243063219611928e-02 -1.492807331905081705e-02 0.000000000000000000e+00
3.065340530823171261e-02 -1.555942774102324691e-02 0.000000000000000000e+00
3.104359926030694078e-02 -1.615615760471943510e-02 0.000000000000000000e+00
3.148666721198666724e-02 -1.671416776861244999e-02 0.000000000000000000e+00
3.197746191468216204e-02 -1.723054294206975354e-02 0.000000000000000000e+00
3.251123747272206821e-02 -1.770276309789103886e-02 0.000000000000000000e+00
3.308324828013754076e-02 -1.812830849418306522e-02 0.000000000000000000e+00
3.368874873095977635e-02 -1.850465938905259886e-02 0.000000000000000000e+00
3.432292794836184352e-02 -1.882973395717937176e-02 0.000000000000000000e+00
3.498045505148882767e-02 -1.910493919487670292e-02 0.000000000000000000e+00
3.565575035937434967e-02 -1.933337781128618982e-02 0.000000000000000000e+00
3.634321234635873310e-02 -1.952173530985316929e-02 0.000000000000000000e+00
3.703705749185025320e-02 -1.968575049782887026e-02 0.000000000000000000e+00
3.773219552066407745e-02 -1.984415244537878972e-02 0.000000000000000000e+00
3.842774200914380461e-02 -2.000068412380139743e-02 0.000000000000000000e+00
3.912370564818316160e-02 -2.015538857723350383e-02 0.000000000000000000e+00
3.982006703661569030e-02 -2.030833181271506777e-02 0.000000000000000000e+00
4.051680677324617785e-02 -2.045957983730957441e-02 0.000000000000000000e+00
4.121390545687939055e-02 -2.060919865808051588e-02 0.000000000000000000e+00
4.191134368632010859e-02 -2.075725428209135998e-02 0.000000000000000000e+00
4.260910206037309828e-02 -2.090381271640561617e-02 0.000000000000000000e+00
4.330716117784314673e-02 -2.104893996808675921e-02 0.000000000000000000e+00
4.400550163753500638e-02 -2.119270204419827081e-02 0.000000000000000000e+00
4.470410403825347129e-02 -2.133516495180364653e-02 0.000000000000000000e+00
4.540294905821734561e-02 -2.147639444800979874e-02 0.000000000000000000e+00
4.610202283068465939e-02 -2.161643912012553570e-02 0.000000000000000000e+00
4.680132036694670955e-02 -2.175531961174871284e-02 0.000000000000000000e+00
4.750083749363350621e-02 -2.189305400018943040e-02 0.000000000000000000e+00
4.820057003737503176e-02 -2.202966036275778514e-02 0.000000000000000000e+00
4.890051382480128245e-02 -2.216515677676389462e-02 0.000000000000000000e+00
4.960066468254223371e-02 -2.229956131951784173e-02 0.000000000000000000e+00
5.030101843722787486e-02 -2.243289206832973712e-02 0.000000000000000000e+00
5.100157091548820215e-02 -2.256516710050968794e-02 0.000000000000000000e+00
5.170231794395320490e-02 -2.269640449336779095e-02 0.000000000000000000e+00
5.240325534925285855e-02 -2.282662232421414986e-02 0.000000000000000000e+00
5.310437895801717323e-02 -2.295583867035887182e-02 0.000000000000000000e+00
5.380568459687611743e-02 -2.308407160911205361e-02 0.000000000000000000e+00
5.450716809245969435e-02 -2.321133921778379891e-02 0.000000000000000000e+00
5.520882527139787249e-02 -2.333765957368420449e-02 0.000000000000000000e+00
5.591065196032067586e-02 -2.346305075412338792e-02 0.000000000000000000e+00
5.661264398585804519e-02 -2.358753083641143555e-02 0.000000000000000000e+00
5.731479717464000451e-02 -2.371111789785845803e-02 0.000000000000000000e+00
5.801710735329653618e-02 -2.383383001577456251e-02 0.000000000000000000e+00
5.871957034845762952e-02 -2.395568526746983534e-02 0.000000000000000000e+00
5.942218198675325996e-02 -2.407670173025439411e-02 0.000000000000000000e+00
6.012493809481341683e-02 -2.419689748143833211e-02 0.000000000000000000e+00
6.082783449926809638e-02 -2.431629059833175996e-02 0.000000000000000000e+00
6.153086702674730873e-02 -2.443489915824477096e-02 0.000000000000000000e+00
6.223403150388100158e-02 -2.455274123848748269e-02 0.000000000000000000e+00
6.293732375729918505e-02 -2.466983491636997802e-02 0.000000000000000000e+00
6.364073961363185539e-02 -2.478619826920237454e-02 0.000000000000000000e+00
6.434427489950898804e-02 -2.490184937429476206e-02 0.000000000000000000e+00
6.504792544156055845e-02 -2.501680630895725121e-02 0.000000000000000000e+00
6.575168706641658367e-02 -2.513108715049994224e-02 0.000000000000000000e+00
6.645555560070702528e-02 -2.524470997623293883e-02 0.000000000000000000e+00
6.715952687106190033e-02 -2.535769286346635162e-02 0.000000000000000000e+00
6.786359670411118428e-02 -2.547005388951027044e-02 0.000000000000000000e+00
6.856776092648485255e-02 -2.558181113167479204e-02 0.000000000000000000e+00
6.927201536481343569e-02 -2.569298266726791763e-02 0.000000000000000000e+00
6.997635639850766087e-02 -2.580358432272089261e-02 0.000000000000000000e+00
7.068078255338249016e-02 -2.591362318447932439e-02 0.000000000000000000e+00
7.138529287614560348e-02 -2.602310421795553733e-02 0.000000000000000000e+00
7.208988641350468074e-02 -2.613203238856182803e-02 0.000000000000000000e+00
7.279456221216737410e-02 -2.624041266171051393e-02 0.000000000000000000e+00
7.349931931884137737e-02 -2.634825000281391591e-02 0.000000000000000000e+00
7.420415678023437045e-02 -2.645554937728434794e-02 0.000000000000000000e+00
7.490907364305397775e-02 -2.656231575053411356e-02 0.000000000000000000e+00
7.561406895400792083e-02 -2.666855408797553367e-02 0.000000000000000000e+00
7.631914175980385184e-02 -2.677426935502092223e-02 0.000000000000000000e+00
7.702429110714946459e-02 -2.687946651708260012e-02 0.000000000000000000e+00
7.772951604275241122e-02 -2.698415053957286744e-02 0.000000000000000000e+00
7.843481561332034391e-02 -2.708832638790404854e-02 0.000000000000000000e+00
7.914018886556097032e-02 -2.719199902748844697e-02 0.000000000000000000e+00
7.984563484618195650e-02 -2.729517342373839056e-02 0.000000000000000000e+00
8.055115260189095461e-02 -2.739785454206618634e-02 0.000000000000000000e+00
8.125674117939570007e-02 -2.750004734788414479e-02 0.000000000000000000e+00
8.196239962540377566e-02 -2.760175680660459027e-02 0.000000000000000000e+00
8.266812698662293069e-02 -2.770298788363981940e-02 0.000000000000000000e+00
8.337392230976078955e-02 -2.780374554440216348e-02 0.000000000000000000e+00
8.407978464152503217e-02 -2.790403475430393299e-02 0.000000000000000000e+00
8.478571302862335235e-02 -2.800386047875743148e-02 0.000000000000000000e+00
8.549170651776341612e-02 -2.810322768317498332e-02 0.000000000000000000e+00
8.619776415565288952e-02 -2.820214133296890593e-02 0.000000000000000000e+00
8.690388498899942471e-02 -2.830060639355150287e-02 0.000000000000000000e+00
8.761006806451072937e-02 -2.839862783033508808e-02 0.000000000000000000e+00
8.831631242889445566e-02 -2.849621060873198247e-02 0.000000000000000000e+00
8.902261712885829736e-02 -2.859335969415450346e-02 0.000000000000000000e+00
8.972898121110990666e-02 -2.869008005201495112e-02 0.000000000000000000e+00
9.043540372235696345e-02 -2.878637664772564636e-02 0.000000000000000000e+00
9.114188370930713379e-02 -2.888225444669890660e-02 0.000000000000000000e+00
9.184842021866811146e-02 -2.897771841434704926e-02 0.000000000000000000e+00
9.255501229714754863e-02 -2.907277351608238136e-02 0.000000000000000000e+00
9.326165899145311133e-02 -2.916742471731721340e-02 0.000000000000000000e+00
9.396835934829250725e-02 -2.926167698346386972e-02 0.000000000000000000e+00
9.467511241437337466e-02 -2.935553527993465389e-02 0.000000000000000000e+00
9.538191723640340736e-02 -2.944900457214188680e-02 0.000000000000000000e+00
9.608877286109024363e-02 -2.954208982549787546e-02 0.000000000000000000e+00
9.679567833514161890e-02 -2.963479600541494771e-02 0.000000000000000000e+00
9.750263270526512982e-02 -2.972712807730540363e-02 0.000000000000000000e+00
9.820963501817678298e-02 -2.981909100653408126e-02 0.000000000000000000e+00
9.891668444101195390e-02 -2.991068906661142543e-02 0.000000000000000000e+00
9.962378056479556654e-02 -3.000192409564652121e-02 0.000000000000000000e+00
1.003309230737747665e-01 -3.009279739615228211e-02 0.000000000000000000e+00
1.010381116521966716e-01 -3.018331027064158692e-02 0.000000000000000000e+00
1.017453459843084412e-01 -3.027346402162734568e-02 0.000000000000000000e+00
1.024526257543572211e-01 -3.036325995162245800e-02 0.000000000000000000e+00
1.031599506465901289e-01 -3.045269936313981310e-02 0.000000000000000000e+00
1.038673203452543520e-01 -3.054178355869232100e-02 0.000000000000000000e+00
1.045747345345969803e-01 -3.063051384079287093e-02 0.000000000000000000e+00
1.052821928988651595e-01 -3.071889151195436249e-02 0.000000000000000000e+00
1.059896951223060907e-01 -3.080691787468969878e-02 0.000000000000000000e+00
1.066972408891668223e-01 -3.089459423151177248e-02 0.000000000000000000e+00
1.074048298836945969e-01 -3.098192188493349361e-02 0.000000000000000000e+00
1.081124617901365048e-01 -3.106890213746774099e-02 0.000000000000000000e+00
1.088201362927396776e-01 -3.115553629162743851e-02 0.000000000000000000e+00
1.095278530757512886e-01 -3.124182564992545805e-02 0.000000000000000000e+00
1.102356118234184279e-01 -3.132777151487471656e-02 0.000000000000000000e+00
1.109434122199883382e-01 -3.141337518898810327e-02 0.000000000000000000e+00
1.116512539497080680e-01 -3.149863797477853167e-02 0.000000000000000000e+00
1.123591366968247490e-01 -3.158356117475887015e-02 0.000000000000000000e+00
1.130670601455855823e-01 -3.166814609144203568e-02 0.000000000000000000e+00
1.137750239802377134e-01 -3.175239402734094524e-02 0.000000000000000000e+00
1.144830278850282601e-01 -3.183630628496846721e-02 0.000000000000000000e+00
1.151910715442043126e-01 -3.191988416683751162e-02 0.000000000000000000e+00
1.158991546420130858e-01 -3.200312897546096769e-02 0.000000000000000000e+00
1.166072768627017253e-01 -3.208604201335175932e-02 0.000000000000000000e+00
1.173154378905173212e-01 -3.216862458302275490e-02 0.000000000000000000e+00
1.180236374097070745e-01 -3.225087798698687142e-02 0.000000000000000000e+00
1.187318751045180615e-01 -3.233280352775699806e-02 0.000000000000000000e+00
1.194401506591974832e-01 -3.241440250784604488e-02 0.000000000000000000e+00
1.201484637579924436e-01 -3.249567622976690107e-02 0.000000000000000000e+00
1.208568140851501160e-01 -3.257662599603246278e-02 0.000000000000000000e+00
1.215652013249176044e-01 -3.265725310915563312e-02 0.000000000000000000e+00
1.222736251615420822e-01 -3.273755887164930822e-02 0.000000000000000000e+00
1.229820852792706531e-01 -3.281754458602639118e-02 0.000000000000000000e+00
1.236905813623505046e-01 -3.289721155479977815e-02 0.000000000000000000e+00
1.243991130950287405e-01 -3.297656108048236528e-02 0.000000000000000000e+00
1.251076801615525480e-01 -3.305559446558704179e-02 0.000000000000000000e+00
1.258162822461690311e-01 -3.313431301262673850e-02 0.000000000000000000e+00
1.265249190331253215e-01 -3.321271802411431689e-02 0.000000000000000000e+00
1.272335902066686064e-01 -3.329081080256269393e-02 0.000000000000000000e+00
1.279422954510460175e-01 -3.336859265048477269e-02 0.000000000000000000e+00
1.286510344505046588e-01 -3.344606487039343545e-02 0.000000000000000000e+00
1.293598068892917174e-01 -3.352322876480159225e-02 0.000000000000000000e+00
1.300686124516542974e-01 -3.360008563622213923e-02 0.000000000000000000e+00
1.307774508250734713e-01 -3.367663676708559234e-02 0.000000000000000000e+00
1.314863217782470950e-01 -3.375288293547792917e-02 0.000000000000000000e+00
1.321952251650791443e-01 -3.382882439036538624e-02 0.000000000000000000e+00
1.329041608435062027e-01 -3.390446135567318914e-02 0.000000000000000000e+00
1.336131286714648259e-01 -3.397979405532659120e-02 0.000000000000000000e+00
1.343221285068914861e-01 -3.405482271325081106e-02 0.000000000000000000e+00
1.350311602077227668e-01 -3.412954755337110901e-02 0.000000000000000000e+00
1.357402236318951960e-01 -3.420396879961271064e-02 0.000000000000000000e+00
1.364493186373453015e-01 -3.427808667590085540e-02 0.000000000000000000e+00
1.371584450820096113e-01 -3.435190140616079663e-02 0.000000000000000000e+00
1.378676028238246809e-01 -3.442541321431775991e-02 0.000000000000000000e+00
1.385767917207269828e-01 -3.449862232429700554e-02 0.000000000000000000e+00
1.392860116306530727e-01 -3.457152896002373133e-02 0.000000000000000000e+00
1.399952624115395894e-01 -3.464413334542323919e-02 0.000000000000000000e+00
1.407045439213229499e-01 -3.471643570442070614e-02 0.000000000000000000e+00
1.414138560179396820e-01 -3.478843626094140634e-02 0.000000000000000000e+00
1.421231985593264524e-01 -3.486013523891058619e-02 0.000000000000000000e+00
1.428325714034196503e-01 -3.493153286225345738e-02 0.000000000000000000e+00
1.435419744081558591e-01 -3.500262935489527327e-02 0.000000000000000000e+00
1.442514074314716066e-01 -3.507342494076128026e-02 0.000000000000000000e+00
1.449608703313034763e-01 -3.514391984377671085e-02 0.000000000000000000e+00
1.456703629655879406e-01 -3.521411428786679759e-02 0.000000000000000000e+00
1.463798851922615274e-01 -3.528400849695679381e-02 0.000000000000000000e+00
1.470894368692608478e-01 -3.535360269497194591e-02 0.000000000000000000e+00
1.477990178545223465e-01 -3.542289710583746559e-02 0.000000000000000000e+00
1.485086280059826624e-01 -3.549189195347862008e-02 0.000000000000000000e+00
1.492182671815782402e-01 -3.556058746182063496e-02 0.000000000000000000e+00
1.499279352392456077e-01 -3.562898385478874275e-02 0.000000000000000000e+00
1.506376320369213484e-01 -3.569708135630819679e-02 0.000000000000000000e+00
1.513473574325419901e-01 -3.576488019030423654e-02 0.000000000000000000e+00
1.520571112840440609e-01 -3.583238058070209453e-02 0.000000000000000000e+00
1.527668934493640884e-01 -3.589958275142702410e-02 0.000000000000000000e+00
1.534767037864386008e-01 -3.596648692640424388e-02 0.000000000000000000e+00
1.541865421532041536e-01 -3.603309332955902111e-02 0.000000000000000000e+00
1.548964084075972469e-01 -3.609940218481655361e-02 0.000000000000000000e+00
1.556063024075544921e-01 -3.616541371610212940e-02 0.000000000000000000e+00
1.563162240110122780e-01 -3.623112814734094633e-02 0.000000000000000000e+00
1.570261730759072993e-01 -3.629654570245827855e-02 0.000000000000000000e+00
1.577361494601760006e-01 -3.636166660537933776e-02 0.000000000000000000e+00
1.584461530217549374e-01 -3.642649108002938424e-02 0.000000000000000000e+00
1.591561836185806378e-01 -3.649101935033364358e-02 0.000000000000000000e+00
1.598662411085896295e-01 -3.655525164021736911e-02 0.000000000000000000e+00
1.605763253497184406e-01 -3.661918817360577949e-02 0.000000000000000000e+00
1.612864361999036822e-01 -3.668282917442413499e-02 0.000000000000000000e+00
1.619965735170817711e-01 -3.674617486659767507e-02 0.000000000000000000e+00
1.627067371591893463e-01 -3.680922547405162532e-02 0.000000000000000000e+00
1.634169269841628525e-01 -3.687198122071123213e-02 0.000000000000000000e+00
1.641271428499388452e-01 -3.693444233050173497e-02 0.000000000000000000e+00
1.648373846140385457e-01 -3.699660903446092691e-02 0.000000000000000000e+00
1.655476521269932111e-01 -3.705848168330923981e-02 0.000000000000000000e+00
1.662579452335276597e-01 -3.712006072718842392e-02 0.000000000000000000e+00
1.669682637781906565e-01 -3.718134661925678180e-02 0.000000000000000000e+00
1.676786076055307995e-01 -3.724233981267258825e-02 0.000000000000000000e+00
1.683889765600967425e-01 -3.730304076059415969e-02 0.000000000000000000e+00
1.690993704864371949e-01 -3.736344991617978478e-02 0.000000000000000000e+00
1.698097892291008659e-01 -3.742356773258775221e-02 0.000000000000000000e+00
1.705202326326363260e-01 -3.748339466297635758e-02 0.000000000000000000e+00
1.712307005415923122e-01 -3.754293116050391038e-02 0.000000000000000000e+00
1.719411928005174783e-01 -3.760217767832869235e-02 0.000000000000000000e+00
1.726517092539604781e-01 -3.766113466960899908e-02 0.000000000000000000e+00
1.733622497464699930e-01 -3.771980258750312620e-02 0.000000000000000000e+00
1.740728141225947601e-01 -3.777818188516937625e-02 0.000000000000000000e+00
1.747834022268833221e-01 -3.783627301576602403e-02 0.000000000000000000e+00
1.754940139038843883e-01 -3.789407643245138596e-02 0.000000000000000000e+00
1.762046489981466957e-01 -3.795159258838375765e-02 0.000000000000000000e+00
1.769153073542188426e-01 -3.800882193672142778e-02 0.000000000000000000e+00
1.776259888166495382e-01 -3.806576493062268501e-02 0.000000000000000000e+00
1.783366932299874086e-01 -3.812242202324583190e-02 0.000000000000000000e+00
1.790474204387811907e-01 -3.817879366774916405e-02 0.000000000000000000e+00
1.797581702875794551e-01 -3.823488031729096320e-02 0.000000000000000000e+00
1.804689426209309944e-01 -3.829068242502954578e-02 0.000000000000000000e+00
1.811797372833843511e-01 -3.834620044412319351e-02 0.000000000000000000e+00
1.818905541194882902e-01 -3.840143482773019507e-02 0.000000000000000000e+00
1.826013929737914654e-01 -3.845638602900886688e-02 0.000000000000000000e+00
1.833122536908424749e-01 -3.851105450111748374e-02 0.000000000000000000e+00
1.840231361151900558e-01 -3.856544069721435514e-02 0.000000000000000000e+00
1.847340400913829173e-01 -3.861954507045777668e-02 0.000000000000000000e+00
1.854449654639696021e-01 -3.867336807400602317e-02 0.000000000000000000e+00
1.861559120774989029e-01 -3.872691016101740408e-02 0.000000000000000000e+00
1.868668797765194178e-01 -3.878017178465022197e-02 0.000000000000000000e+00
1.875778684055798284e-01 -3.883315339806275163e-02 0.000000000000000000e+00
1.882888778092288162e-01 -3.888585545441330948e-02 0.000000000000000000e+00
1.889999078320150627e-01 -3.893827840686017033e-02 0.000000000000000000e+00
1.897109583184871939e-01 -3.899042270856165060e-02 0.000000000000000000e+00
1.904220291131939469e-01 -3.904228881267603202e-02 0.000000000000000000e+00
1.911331200606838920e-01 -3.909387717236161019e-02 0.000000000000000000e+00
1.918442310055057387e-01 -3.914518824077667380e-02 0.000000000000000000e+00
1.925553617922082239e-01 -3.919622247107953927e-02 0.000000000000000000e+00
1.932665122653399181e-01 -3.924698031642848139e-02 0.000000000000000000e+00
1.939776822694496416e-01 -3.929746222998181659e-02 0.000000000000000000e+00
1.946888716490858540e-01 -3.934766866489780579e-02 0.000000000000000000e+00
1.954000802487974031e-01 -3.939760007433477929e-02 0.000000000000000000e+00
1.961113079131328318e-01 -3.944725691145100493e-02 0.000000000000000000e+00
1.968225544866408772e-01 -3.949663962940479223e-02 0.000000000000000000e+00
1.975338198138702483e-01 -3.954574868135444371e-02 0.000000000000000000e+00
1.982451037393694881e-01 -3.959458452045823418e-02 0.000000000000000000e+00
1.989564061741031509e-01 -3.964314651738607559e-02 0.000000000000000000e+00
1.996677282669085673e-01 -3.969141386713582326e-02 0.000000000000000000e+00
2.003790722621921483e-01 -3.973934790839896841e-02 0.000000000000000000e+00
2.010904404421818559e-01 -3.978690936342144796e-02 0.000000000000000000e+00
2.018018350891059021e-01 -3.983405895444922656e-02 0.000000000000000000e+00
2.025132584851923601e-01 -3.988075740372824113e-02 0.000000000000000000e+00
2.032247129126694418e-01 -3.992696543350444938e-02 0.000000000000000000e+00
2.039362006537652205e-01 -3.997264376602380903e-02 0.000000000000000000e+00
2.046477239907077972e-01 -4.001775312353224312e-02 0.000000000000000000e+00
2.053592852057254114e-01 -4.006225422827572324e-02 0.000000000000000000e+00
2.060708865810460533e-01 -4.010610780250019325e-02 0.000000000000000000e+00
2.067825303988979346e-01 -4.014927456845159698e-02 0.000000000000000000e+00
2.074942189414809568e-01 -4.019171524878966534e-02 0.000000000000000000e+00
2.082059536320750581e-01 -4.023340317054006215e-02 0.000000000000000000e+00
2.089177327824607855e-01 -4.027435732094894472e-02 0.000000000000000000e+00
2.096295540000719382e-01 -4.031460702331661483e-02 0.000000000000000000e+00
2.103414148923424820e-01 -4.035418160094341594e-02 0.000000000000000000e+00
2.110533130667061330e-01 -4.039311037712965680e-02 0.000000000000000000e+00
2.117652461305967460e-01 -4.043142267517565308e-02 0.000000000000000000e+00
2.124772116914482589e-01 -4.046914781838172742e-02 0.000000000000000000e+00
2.131892073566943879e-01 -4.050631513004818857e-02 0.000000000000000000e+00
2.139012307337690988e-01 -4.054295393347535220e-02 0.000000000000000000e+00
2.146132794301061353e-01 -4.057909355196354095e-02 0.000000000000000000e+00
2.153253510531394077e-01 -4.061476330881307051e-02 0.000000000000000000e+00
2.160374432103027154e-01 -4.064999252732426349e-02 0.000000000000000000e+00
2.167495535419399488e-01 -4.068481060214552969e-02 0.000000000000000000e+00
2.174616802891146949e-01 -4.071924823026785295e-02 0.000000000000000000e+00
2.181738222178357112e-01 -4.075333724674862906e-02 0.000000000000000000e+00
2.188859781117808434e-01 -4.078710952495073760e-02 0.000000000000000000e+00
2.195981467546276600e-01 -4.082059693823703039e-02 0.000000000000000000e+00
2.203103269300539513e-01 -4.085383135997038700e-02 0.000000000000000000e+00
2.210225174287351324e-01 -4.088684447021040391e-02 0.000000000000000000e+00
2.217347174652966046e-01 -4.091965623787840317e-02 0.000000000000000000e+00
2.224469269138484584e-01 -4.095226841439032067e-02 0.000000000000000000e+00
2.231591457055073779e-01 -4.098468117641475283e-02 0.000000000000000000e+00
2.238713737713901586e-01 -4.101689470062027526e-02 0.000000000000000000e+00
2.245836110426136234e-01 -4.104890916367551212e-02 0.000000000000000000e+00
2.252958574502944566e-01 -4.108072474224905984e-02 0.000000000000000000e+00
2.260081129255494814e-01 -4.111234161300952178e-02 0.000000000000000000e+00
2.267203773994953819e-01 -4.114375995262548047e-02 0.000000000000000000e+00
2.274326508032490091e-01 -4.117497993776556703e-02 0.000000000000000000e+00
2.281449330679270748e-01 -4.120600174509835706e-02 0.000000000000000000e+00
2.288572241246462913e-01 -4.123682555129246086e-02 0.000000000000000000e+00
2.295695239045236202e-01 -4.126745153301646096e-02 0.000000000000000000e+00
2.302818323386755794e-01 -4.129787986693899543e-02 0.000000000000000000e+00
2.309941493582190475e-01 -4.132811072972861904e-02 0.000000000000000000e+00
2.317064748942708197e-01 -4.135814429805396986e-02 0.000000000000000000e+00
2.324188088779476358e-01 -4.138798074858363735e-02 0.000000000000000000e+00
2.331311512403662634e-01 -4.141762025798621100e-02 0.000000000000000000e+00
2.338435019126433867e-01 -4.144706300293030804e-02 0.000000000000000000e+00
2.345558608258958566e-01 -4.147630916008450408e-02 0.000000000000000000e+00
2.352682279112404129e-01 -4.150535890611743717e-02 0.000000000000000000e+00
2.359806030997937676e-01 -4.153421241769766903e-02 0.000000000000000000e+00
2.366929863226728825e-01 -4.156286987149383078e-02 0.000000000000000000e+00
2.374053775109942477e-01 -4.159133144417451189e-02 0.000000000000000000e+00
2.381177765958748527e-01 -4.161959731240829491e-02 0.000000000000000000e+00
2.388301835084312430e-01 -4.164766765286381095e-02 0.000000000000000000e+00
2.395425981797803805e-01 -4.167554264220964255e-02 0.000000000000000000e+00
2.402550205410388662e-01 -4.170322245711438613e-02 0.000000000000000000e+00
2.409674505233236896e-01 -4.173070727424666587e-02 0.000000000000000000e+00
2.416798880577513964e-01 -4.175799727027505043e-02 0.000000000000000000e+00
2.423923330754387540e-01 -4.178509262186815704e-02 0.000000000000000000e+00
2.431047855075026964e-01 -4.181199350569458906e-02 0.000000000000000000e+00
2.438172452850598526e-01 -4.183870009842294291e-02 0.000000000000000000e+00
2.445297123392269623e-01 -4.186521257672181501e-02 0.000000000000000000e+00
2.452421866011209872e-01 -4.189153111725981565e-02 0.000000000000000000e+00
2.459546680018583897e-01 -4.191765589670552739e-02 0.000000000000000000e+00
2.466671564725562149e-01 -4.194358709172758132e-02 0.000000000000000000e+00
2.473796519443310915e-01 -4.196932487899454611e-02 0.000000000000000000e+00
2.480921543482997316e-01 -4.199486943517504595e-02 0.000000000000000000e+00
2.488046636155790692e-01 -4.202022093693766336e-02 0.000000000000000000e+00
2.495171796772856498e-01 -4.204537956095100865e-02 0.000000000000000000e+00
2.502297024645363521e-01 -4.207034548388367129e-02 0.000000000000000000e+00
2.509422319084479991e-01 -4.209511888240428240e-02 0.000000000000000000e+00
2.516547679401373028e-01 -4.211969993318139677e-02 0.000000000000000000e+00
2.523673104908786269e-01 -4.214408881109749094e-02 0.000000000000000000e+00
2.530798594992648698e-01 -4.216828560811471810e-02 0.000000000000000000e+00
2.537924149141475572e-01 -4.219229029995649055e-02 0.000000000000000000e+00
2.545049766851455453e-01 -4.221610285365716420e-02 0.000000000000000000e+00
2.552175447618773574e-01 -4.223972323625103942e-02 0.000000000000000000e+00
2.559301190939617388e-01 -4.226315141477247905e-02 0.000000000000000000e+00
2.566426996310172126e-01 -4.228638735625579737e-02 0.000000000000000000e+00
2.573552863226623577e-01 -4.230943102773532249e-02 0.000000000000000000e+00
2.580678791185159748e-01 -4.233228239624539646e-02 0.000000000000000000e+00
2.587804779681966982e-01 -4.235494142882035434e-02 0.000000000000000000e+00
2.594930828213231067e-01 -4.237740809249450347e-02 0.000000000000000000e+00
2.602056936275137788e-01 -4.239968235430219973e-02 0.000000000000000000e+00
2.609183103363875156e-01 -4.242176418127776433e-02 0.000000000000000000e+00
2.616309328975627846e-01 -4.244365354045552541e-02 0.000000000000000000e+00
2.623435612606582756e-01 -4.246535039886982499e-02 0.000000000000000000e+00
2.630561953752925675e-01 -4.248685472355499121e-02 0.000000000000000000e+00
2.637688351910844609e-01 -4.250816648154533833e-02 0.000000000000000000e+00
2.644814806576525346e-01 -4.252928563987522226e-02 0.000000000000000000e+00
2.651941317246153118e-01 -4.255021216557895031e-02 0.000000000000000000e+00
2.659067883415915934e-01 -4.257094602569087838e-02 0.000000000000000000e+00
2.666194504581998470e-01 -4.259148718724532073e-02 0.000000000000000000e+00
2.673321180240588180e-01 -4.261183561727660551e-02 0.000000000000000000e+00
2.680447909887872515e-01 -4.263199128281908862e-02 0.000000000000000000e+00
2.687574693020035044e-01 -4.265195415090707043e-02 0.000000000000000000e+00
2.694701529133263773e-01 -4.267172418857489991e-02 0.000000000000000000e+00
2.701828417723746156e-01 -4.269130136285690519e-02 0.000000000000000000e+00
2.708955358287666315e-01 -4.271068564078741442e-02 0.000000000000000000e+00
2.716082350321212813e-01 -4.272987698940076962e-02 0.000000000000000000e+00
2.723209393320570326e-01 -4.274887537573127810e-02 0.000000000000000000e+00
2.730336486781924643e-01 -4.276768076681330272e-02 0.000000000000000000e+00
2.737463630201464881e-01 -4.278629312968115078e-02 0.000000000000000000e+00
2.744590823075375163e-01 -4.280471243136915738e-02 0.000000000000000000e+00
2.751718064899843497e-01 -4.282293863891166452e-02 0.000000000000000000e+00
2.758845355171054559e-01 -4.284097171934298648e-02 0.000000000000000000e+00
2.765972693385195802e-01 -4.285881163969748608e-02 0.000000000000000000e+00
2.773100079038453014e-01 -4.287645836700945678e-02 0.000000000000000000e+00
2.780227511627013093e-01 -4.289391186831324060e-02 0.000000000000000000e+00
2.787354990647062380e-01 -4.291117211064319342e-02 0.000000000000000000e+00
2.794482515594786665e-01 -4.292823906103360870e-02 0.000000000000000000e+00
2.801610085966371733e-01 -4.294511268651884234e-02 0.000000000000000000e+00
2.808737701258006147e-01 -4.296179295413321553e-02 0.000000000000000000e+00
2.815865360965875697e-01 -4.297827983091107723e-02 0.000000000000000000e+00
2.822993064586165612e-01 -4.299457328388673477e-02 0.000000000000000000e+00
2.830120811615062237e-01 -4.301067328009453017e-02 0.000000000000000000e+00
2.837248601548754134e-01 -4.302657978656879850e-02 0.000000000000000000e+00
2.844376433883423760e-01 -4.304229277034385404e-02 0.000000000000000000e+00
2.851504308115261344e-01 -4.305781219845405267e-02 0.000000000000000000e+00
2.858632223740451561e-01 -4.307313803793371559e-02 0.000000000000000000e+00
2.865760180255180201e-01 -4.308827025581715015e-02 0.000000000000000000e+00
2.872888177155634715e-01 -4.310320881913873303e-02 0.000000000000000000e+00
2.880016213938000891e-01 -4.311795369493276464e-02 0.000000000000000000e+00
2.887144290098465627e-01 -4.313250485023357311e-02 0.000000000000000000e+00
2.894272405133215265e-01 -4.314686225207551434e-02 0.000000000000000000e+00
2.901400558538435592e-01 -4.316102586749289566e-02 0.000000000000000000e+00
2.908528749810313507e-01 -4.317499566352005907e-02 0.000000000000000000e+00
2.915656978445035352e-01 -4.318877160719133274e-02 0.000000000000000000e+00
2.922785243938786914e-01 -4.320235366554105172e-02 0.000000000000000000e+00
2.929913545787755091e-01 -4.321574180560353723e-02 0.000000000000000000e+00
2.937041883488126226e-01 -4.322893599441314516e-02 0.000000000000000000e+00
2.944170256536087216e-01 -4.324193619900417590e-02 0.000000000000000000e+00
2.951298664427823293e-01 -4.325474238641097841e-02 0.000000000000000000e+00
2.958427106659521355e-01 -4.326735452366788082e-02 0.000000000000000000e+00
2.965555582727368300e-01 -4.327977257780921821e-02 0.000000000000000000e+00
2.972684092127549915e-01 -4.329199651586930486e-02 0.000000000000000000e+00
2.979812634356252543e-01 -4.330402630488248972e-02 0.000000000000000000e+00
2.986941208909663081e-01 -4.331586191188310786e-02 0.000000000000000000e+00
2.994069815283966762e-01 -4.332750330390546661e-02 0.000000000000000000e+00
3.001198452975351594e-01 -4.333895044798391494e-02 0.000000000000000000e+00
3.008327121480002808e-01 -4.335020331115278791e-02 0.000000000000000000e+00
3.015455820294107303e-01 -4.336126186044640674e-02 0.000000000000000000e+00
3.022584548913850866e-01 -4.337212606289911343e-02 0.000000000000000000e+00
3.029713306835420394e-01 -4.338279588554521532e-02 0.000000000000000000e+00
3.036842093555001676e-01 -4.339327129541906830e-02 0.000000000000000000e+00
3.043970908568781608e-01 -4.340355225955500051e-02 0.000000000000000000e+00
3.051099751372946534e-01 -4.341363874498731235e-02 0.000000000000000000e+00
3.058228621463683350e-01 -4.342353071875038745e-02 0.000000000000000000e+00
3.065357518337177289e-01 -4.343322814787851927e-02 0.000000000000000000e+00
3.072486441489615805e-01 -4.344273099940604982e-02 0.000000000000000000e+00
3.079615390417184684e-01 -4.345203924036732113e-02 0.000000000000000000e+00
3.086744364616069713e-01 -4.346115283779664745e-02 0.000000000000000000e+00
3.093873363582458347e-01 -4.347007175872835694e-02 0.000000000000000000e+00
3.101002386812536926e-01 -4.347879597019679854e-02 0.000000000000000000e+00
3.108131433802490684e-01 -4.348732543923628652e-02 0.000000000000000000e+00
3.115260504048507073e-01 -4.349566013288116290e-02 0.000000000000000000e+00
3.122389597046772991e-01 -4.350380001816576969e-02 0.000000000000000000e+00
3.129518712293473115e-01 -4.351174506212440729e-02 0.000000000000000000e+00
3.136647849284794898e-01 -4.351949523179143853e-02 0.000000000000000000e+00
3.143777007516924682e-01 -4.352705049420117073e-02 0.000000000000000000e+00
3.150906186486047700e-01 -4.353441081638794591e-02 0.000000000000000000e+00
3.158035385688353069e-01 -4.354157616538609915e-02 0.000000000000000000e+00
3.165164604620024358e-01 -4.354854650822995860e-02 0.000000000000000000e+00
3.172293842777248463e-01 -4.355532181195384545e-02 0.000000000000000000e+00
3.179423099656213947e-01 -4.356190204359210172e-02 0.000000000000000000e+00
3.186552374753103822e-01 -4.356828717017906250e-02 0.000000000000000000e+00
3.193681667564107207e-01 -4.357447715874905592e-02 0.000000000000000000e+00
3.200810977585408779e-01 -4.358047197633639624e-02 0.000000000000000000e+00
3.207940304313195989e-01 -4.358627158997542550e-02 0.000000000000000000e+00
3.215069647243654627e-01 -4.359187596670049264e-02 0.000000000000000000e+00
3.222199005872971034e-01 -4.359728507354590499e-02 0.000000000000000000e+00
3.229328379697332108e-01 -4.360249887754600456e-02 0.000000000000000000e+00
3.236457768212923636e-01 -4.360751734573511951e-02 0.000000000000000000e+00
3.243587170915932516e-01 -4.361234044514759184e-02 0.000000000000000000e+00
3.250716587302544536e-01 -4.361696814281773582e-02 0.000000000000000000e+00
3.257846016868947148e-01 -4.362140040577988653e-02 0.000000000000000000e+00
3.264975459111325584e-01 -4.362563720106839293e-02 0.000000000000000000e+00
3.272104913525866188e-01 -4.362967849571755541e-02 0.000000000000000000e+00
3.279234379608756411e-01 -4.363352425676172291e-02 0.000000000000000000e+00
3.286363856856181487e-01 -4.363717445123523747e-02 0.000000000000000000e+00
3.293493344764328867e-01 -4.364062904617241334e-02 0.000000000000000000e+00
3.300622842829383785e-01 -4.364388800860757867e-02 0.000000000000000000e+00
3.307752350547533693e-01 -4.364695130557508240e-02 0.000000000000000000e+00
3.314881867414964378e-01 -4.364981890410924575e-02 0.000000000000000000e+00
3.322011392927861628e-01 -4.365249077124439686e-02 0.000000000000000000e+00
3.329140926582412896e-01 -4.365496687401487080e-02 0.000000000000000000e+00
3.336270467874804524e-01 -4.365724717945498878e-02 0.000000000000000000e+00
3.343400016301221744e-01 -4.365933165459911364e-02 0.000000000000000000e+00
3.350529571357853120e-01 -4.366122026648154575e-02 0.000000000000000000e+00
3.357659132540881664e-01 -4.366291298213662020e-02 0.000000000000000000e+00
3.364788699346497602e-01 -4.366440976859867901e-02 0.000000000000000000e+00
3.371918271270884504e-01 -4.366571059290204337e-02 0.000000000000000000e+00
3.379047847810229821e-01 -4.366681542208104838e-02 0.000000000000000000e+00
3.386177428460719896e-01 -4.366772422317002911e-02 0.000000000000000000e+00
3.393307012718541071e-01 -4.366843696320331369e-02 0.000000000000000000e+00
3.400436600079879135e-01 -4.366895360921523028e-02 0.000000000000000000e+00
3.407566190040920429e-01 -4.366927412824012089e-02 0.000000000000000000e+00
3.414695782097852406e-01 -4.366939848731229284e-02 0.000000000000000000e+00
3.421825375746861964e-01 -4.366932665346610898e-02 0.000000000000000000e+00
3.428954970484133780e-01 -4.366905859373588356e-02 0.000000000000000000e+00
3.436084565805854196e-01 -4.366859427515593778e-02 0.000000000000000000e+00
3.443214161208210111e-01 -4.366793366476061367e-02 0.000000000000000000e+00
3.450343756187388977e-01 -4.366707672958425324e-02 0.000000000000000000e+00
3.457473350239576582e-01 -4.366602343666117075e-02 0.000000000000000000e+00
3.464602942860958157e-01 -4.366477375302571518e-02 0.000000000000000000e+00
3.471732533547720601e-01 -4.366332764571218689e-02 0.000000000000000000e+00
3.478862121795157636e-01 -4.366168508082191729e-02 0.000000000000000000e+00
3.485991707044155397e-01 -4.365984596760320857e-02 0.000000000000000000e+00
3.493121288650781198e-01 -4.365781012667774991e-02 0.000000000000000000e+00
3.500250865963752123e-01 -4.365557737098412633e-02 0.000000000000000000e+00
3.507380438331786365e-01 -4.365314751346098532e-02 0.000000000000000000e+00
3.514510005103597678e-01 -4.365052036704689803e-02 0.000000000000000000e+00
3.521639565627904811e-01 -4.364769574468049806e-02 0.000000000000000000e+00
3.528769119253423736e-01 -4.364467345930037739e-02 0.000000000000000000e+00
3.535898665328869872e-01 -4.364145332384516962e-02 0.000000000000000000e+00
3.543028203202961413e-01 -4.363803515125345978e-02 0.000000000000000000e+00
3.550157732224413221e-01 -4.363441875446386758e-02 0.000000000000000000e+00
3.557287251741942935e-01 -4.363060394641500583e-02 0.000000000000000000e+00
3.564416761104267084e-01 -4.362659054004547343e-02 0.000000000000000000e+00
3.571546259660101641e-01 -4.362237834829388317e-02 0.000000000000000000e+00
3.578675746758163689e-01 -4.361796718409884782e-02 0.000000000000000000e+00
3.585805221747169202e-01 -4.361335686039898019e-02 0.000000000000000000e+00
3.592934683975834709e-01 -4.360854719013287223e-02 0.000000000000000000e+00
3.600064132792877847e-01 -4.360353798623915755e-02 0.000000000000000000e+00
3.607193567547013480e-01 -4.359832906165642813e-02 0.000000000000000000e+00
3.614322987586960356e-01 -4.359292022932329674e-02 0.000000000000000000e+00
3.621452392261432229e-01 -4.358731130217836924e-02 0.000000000000000000e+00
3.628581780919147293e-01 -4.358150209316025842e-02 0.000000000000000000e+00
3.635711152908820964e-01 -4.357549241520757705e-02 0.000000000000000000e+00
3.642840507579171994e-01 -4.356928208125893792e-02 0.000000000000000000e+00
3.649969844278915243e-01 -4.356287090425293995e-02 0.000000000000000000e+00
3.657099162356766686e-01 -4.355625869712818204e-02 0.000000000000000000e+00
3.664228461161445072e-01 -4.354944527282329780e-02 0.000000000000000000e+00
3.671357740041664153e-01 -4.354243044427689308e-02 0.000000000000000000e+00
3.678486998346141568e-01 -4.353521402442755983e-02 0.000000000000000000e+00
3.685616235423596065e-01 -4.352779582621391780e-02 0.000000000000000000e+00
3.692745450622739734e-01 -4.352017566257458669e-02 0.000000000000000000e+00
3.699874643292292986e-01 -4.351235334644815156e-02 0.000000000000000000e+00
3.707003812780969576e-01 -4.350432869077322517e-02 0.000000000000000000e+00
3.714132958437488807e-01 -4.349610150848844808e-02 0.000000000000000000e+00
3.721262079610564988e-01 -4.348767161253239838e-02 0.000000000000000000e+00
3.728391175648915201e-01 -4.347903881584368885e-02 0.000000000000000000e+00
3.735520245901256531e-01 -4.347020293136093227e-02 0.000000000000000000e+00
3.742649289716305505e-01 -4.346116377202275532e-02 0.000000000000000000e+00
3.749778306442777542e-01 -4.345192115076773609e-02 0.000000000000000000e+00
3.756907295429391391e-01 -4.344247488053451511e-02 0.000000000000000000e+00
3.764036256024859695e-01 -4.343282477426166355e-02 0.000000000000000000e+00
3.771165187577903977e-01 -4.342297064488782193e-02 0.000000000000000000e+00
3.778294089437236325e-01 -4.341291230535160306e-02 0.000000000000000000e+00
3.785422960951575488e-01 -4.340264956859158502e-02 0.000000000000000000e+00
3.792551801469638550e-01 -4.339218224754640141e-02 0.000000000000000000e+00
3.799680610340139264e-01 -4.338151015515465114e-02 0.000000000000000000e+00
3.806809386911798598e-01 -4.337063310435495395e-02 0.000000000000000000e+00
3.813938130533328641e-01 -4.335955090808590873e-02 0.000000000000000000e+00
3.821066840553448141e-01 -4.334826337928612827e-02 0.000000000000000000e+00
3.828195516320871961e-01 -4.333677033089421843e-02 0.000000000000000000e+00
3.835324157184318850e-01 -4.332507157584879198e-02 0.000000000000000000e+00
3.842452762492503671e-01 -4.331316692708846866e-02 0.000000000000000000e+00
3.849581331594146838e-01 -4.330105619755184043e-02 0.000000000000000000e+00
3.856709863837957664e-01 -4.328873920017750621e-02 0.000000000000000000e+00
3.863838358572659337e-01 -4.327621574790412040e-02 0.000000000000000000e+00
3.870966815146964501e-01 -4.326348565367023336e-02 0.000000000000000000e+00
3.878095232909590240e-01 -4.325054873041449949e-02 0.000000000000000000e+00
3.885223611209255856e-01 -4.323740479107551771e-02 0.000000000000000000e+00
3.892351949394673438e-01 -4.322405364859188692e-02 0.000000000000000000e+00
3.899480246814563955e-01 -4.321049511590221992e-02 0.000000000000000000e+00
3.906608502817640605e-01 -4.319672900594513643e-02 0.000000000000000000e+00
3.913736716752621025e-01 -4.318275513165922147e-02 0.000000000000000000e+00
3.920864887968223411e-01 -4.316857330598310172e-02 0.000000000000000000e+00
3.927993015813161515e-01 -4.315418334185539689e-02 0.000000000000000000e+00
3.935121099636152420e-01 -4.313958505221469203e-02 0.000000000000000000e+00
3.942249138785914320e-01 -4.312477824999961379e-02 0.000000000000000000e+00
3.949377132611162078e-01 -4.310976274814876108e-02 0.000000000000000000e+00
3.956505080460613333e-01 -4.309453835960074669e-02 0.000000000000000000e+00
3.963632981682984613e-01 -4.307910489729418341e-02 0.000000000000000000e+00
3.970760835626991336e-01 -4.306346217416767708e-02 0.000000000000000000e+00
3.977888641641349476e-01 -4.304761000315984049e-02 0.000000000000000000e+00
3.985016399074778337e-01 -4.303154819720927254e-02 0.000000000000000000e+00
3.992144107275992782e-01 -4.301527656925458604e-02 0.000000000000000000e+00
3.999271765593709338e-01 -4.299879493223440763e-02 0.000000000000000000e+00
4.006399373376644535e-01 -4.298210309908732235e-02 0.000000000000000000e+00
4.013526929973514346e-01 -4.296520088275194993e-02 0.000000000000000000e+00
4.020654434733035298e-01 -4.294808809616688927e-02 0.000000000000000000e+00
4.027781887003926142e-01 -4.293076455227077398e-02 0.000000000000000000e+00
4.034909286134901185e-01 -4.291323006400218909e-02 0.000000000000000000e+00
4.042036631474677510e-01 -4.289548444429975432e-02 0.000000000000000000e+00
4.049163922371971092e-01 -4.287752750610207553e-02 0.000000000000000000e+00
4.056291158175500122e-01 -4.285935906234776549e-02 0.000000000000000000e+00
4.063418338233980021e-01 -4.284097892597543700e-02 0.000000000000000000e+00
4.070545461896126760e-01 -4.282238690992369590e-02 0.000000000000000000e+00
4.077672528510657424e-01 -4.280358282713113416e-02 0.000000000000000000e+00
4.084799537426287430e-01 -4.278456649053638539e-02 0.000000000000000000e+00
4.091926487991737194e-01 -4.276533771307805543e-02 0.000000000000000000e+00
4.099053379555718801e-01 -4.274589630769473625e-02 0.000000000000000000e+00
4.106180211466950447e-01 -4.272624208732505452e-02 0.000000000000000000e+00
4.113306983074149215e-01 -4.270637486490761608e-02 0.000000000000000000e+00
4.120433693726029967e-01 -4.268629445338102679e-02 0.000000000000000000e+00
4.127560342771311452e-01 -4.266600066568388555e-02 0.000000000000000000e+00
4.134686929558709645e-01 -4.264549331475481903e-02 0.000000000000000000e+00
4.141813453436938852e-01 -4.262477221353243306e-02 0.000000000000000000e+00
4.148939913754718378e-01 -4.260383717495533351e-02 0.000000000000000000e+00
4.156066309860761976e-01 -4.258268801196211928e-02 0.000000000000000000e+00
4.163192641103790614e-01 -4.256132453749141703e-02 0.000000000000000000e+00
4.170318906832516381e-01 -4.253974656448182567e-02 0.000000000000000000e+00
4.177445106395657470e-01 -4.251795390587196494e-02 0.000000000000000000e+00
4.184571239141929300e-01 -4.249594637460042679e-02 0.000000000000000000e+00
4.191697304420050618e-01 -4.247372378360583095e-02 0.000000000000000000e+00
4.198823301578737954e-01 -4.245128594582679021e-02 0.000000000000000000e+00
4.205949229966705061e-01 -4.242863267420191042e-02 0.000000000000000000e+00
4.213075088932670131e-01 -4.240576378166979049e-02 0.000000000000000000e+00
4.220200877825350250e-01 -4.238267908116905014e-02 0.000000000000000000e+00
4.227326595993461389e-01 -4.235937838563831603e-02 0.000000000000000000e+00
4.234452242785720077e-01 -4.233586150801614545e-02 0.000000000000000000e+00
4.241577817550842289e-01 -4.231212826124120668e-02 0.000000000000000000e+00
4.248703319637545106e-01 -4.228817845825206395e-02 0.000000000000000000e+00
4.255828748394545058e-01 -4.226401191198735779e-02 0.000000000000000000e+00
4.262954103170557563e-01 -4.223962843538568018e-02 0.000000000000000000e+00
4.270079383314301924e-01 -4.221502784138563696e-02 0.000000000000000000e+00
4.277204588174491340e-01 -4.219020994292585480e-02 0.000000000000000000e+00
4.284329717099845669e-01 -4.216517455294493261e-02 0.000000000000000000e+00
4.291454769439078665e-01 -4.213992148438147622e-02 0.000000000000000000e+00
4.298579744540907965e-01 -4.211445055017409844e-02 0.000000000000000000e+00
4.305704641754051210e-01 -4.208876156326141205e-02 0.000000000000000000e+00
4.312829460427221595e-01 -4.206285433658202288e-02 0.000000000000000000e+00
4.319954199909138981e-01 -4.203672868307453681e-02 0.000000000000000000e+00
4.327078859548518230e-01 -4.201038441567756659e-02 0.000000000000000000e+00
4.334203438694076982e-01 -4.198382134732971810e-02 0.000000000000000000e+00
4.341327936694530654e-01 -4.195703929096960411e-02 0.000000000000000000e+00
4.348452352898595774e-01 -4.193003805953583046e-02 0.000000000000000000e+00
4.355576686654989427e-01 -4.190281746596701690e-02 0.000000000000000000e+00
4.362700937312428695e-01 -4.187537732320176231e-02 0.000000000000000000e+00
4.369825104219628997e-01 -4.184771744417867256e-02 0.000000000000000000e+00
4.376949186725307972e-01 -4.181983764183636737e-02 0.000000000000000000e+00
4.384073184178181037e-01 -4.179173772911345952e-02 0.000000000000000000e+00
4.391197095926965277e-01 -4.176341751894853405e-02 0.000000000000000000e+00
4.398320921320376109e-01 -4.173487682428021761e-02 0.000000000000000000e+00
4.405444659707131727e-01 -4.170611545804712300e-02 0.000000000000000000e+00
4.412568310435947549e-01 -4.167713323318785607e-02 0.000000000000000000e+00
4.419691872855540660e-01 -4.164792996264101571e-02 0.000000000000000000e+00
4.426815346314628141e-01 -4.161850545934522166e-02 0.000000000000000000e+00
4.433938730161924857e-01 -4.158885953623907977e-02 0.000000000000000000e+00
4.441062023746148446e-01 -4.155899200626120282e-02 0.000000000000000000e+00
4.448185226416015992e-01 -4.152890268235019666e-02 0.000000000000000000e+00
4.455308337520242912e-01 -4.149859137744466714e-02 0.000000000000000000e+00
4.462431356407545735e-01 -4.146805790448322704e-02 0.000000000000000000e+00
4.469554282426642100e-01 -4.143730207640448915e-02 0.000000000000000000e+00
4.476677114926246315e-01 -4.140632370614705238e-02 0.000000000000000000e+00
4.483799853250730605e-01 -4.137512261347884440e-02 0.000000000000000000e+00
4.490922496679241038e-01 -4.134369872061931933e-02 0.000000000000000000e+00
4.498045044440633355e-01 -4.131205202879095761e-02 0.000000000000000000e+00
4.505167495762463226e-01 -4.128018254125630920e-02 0.000000000000000000e+00
4.512289849872288539e-01 -4.124809026127795875e-02 0.000000000000000000e+00
4.519412105997664963e-01 -4.121577519211846313e-02 0.000000000000000000e+00
4.526534263366149280e-01 -4.118323733704038619e-02 0.000000000000000000e+00
4.533656321205297157e-01 -4.115047669930629870e-02 0.000000000000000000e+00
4.540778278742663709e-01 -4.111749328217875060e-02 0.000000000000000000e+00
4.547900135205810157e-01 -4.108428708892033349e-02 0.000000000000000000e+00
4.555021889822287173e-01 -4.105085812279359730e-02 0.000000000000000000e+00
4.562143541819653758e-01 -4.101720638706109201e-02 0.000000000000000000e+00
4.569265090425467801e-01 -4.098333188498541613e-02 0.000000000000000000e+00
4.576386534867283862e-01 -4.094923461982912655e-02 0.000000000000000000e+00
4.583507874372658719e-01 -4.091491459485475241e-02 0.000000000000000000e+00
4.590629108169148043e-01 -4.088037181332491304e-02 0.000000000000000000e+00
4.597750235484308612e-01 -4.084560627850213760e-02 0.000000000000000000e+00
4.604871255545698872e-01 -4.081061799364901072e-02 0.000000000000000000e+00
4.611992167580872826e-01 -4.077540696202808235e-02 0.000000000000000000e+00
4.619112970817387809e-01 -4.073997318690191632e-02 0.000000000000000000e+00
4.626233664482799490e-01 -4.070431667153309035e-02 0.000000000000000000e+00
4.633354247804664650e-01 -4.066843741918416827e-02 0.000000000000000000e+00
4.640474720010540621e-01 -4.063233543311771390e-02 0.000000000000000000e+00
4.647595080327982520e-01 -4.059601071659629801e-02 0.000000000000000000e+00
4.654715327984548789e-01 -4.055946327288246361e-02 0.000000000000000000e+00
4.661835462207792324e-01 -4.052269310523880924e-02 0.000000000000000000e+00
4.668955482225271014e-01 -4.048570021692786403e-02 0.000000000000000000e+00
4.676075387264544414e-01 -4.044848461121223343e-02 0.000000000000000000e+00
4.683195176553165973e-01 -4.041104629135445353e-02 0.000000000000000000e+00
4.690314849318691359e-01 -4.037338526061710203e-02 0.000000000000000000e+00
4.697434404788678464e-01 -4.033550152226272195e-02 0.000000000000000000e+00
4.704553842190683510e-01 -4.029739507955391181e-02 0.000000000000000000e+00
4.711673160752263279e-01 -4.025906593575322850e-02 0.000000000000000000e+00
4.718792359700972328e-01 -4.022051409412322198e-02 0.000000000000000000e+00
4.725911438264369657e-01 -4.018173955792645607e-02 0.000000000000000000e+00
4.733030395670009827e-01 -4.014274233042552931e-02 0.000000000000000000e+00
4.740149231145448505e-01 -4.010352241488297081e-02 0.000000000000000000e+00
4.747267943918245248e-01 -4.006407981456136524e-02 0.000000000000000000e+00
4.754386533215954058e-01 -4.002441453272326949e-02 0.000000000000000000e+00
4.761504998266132271e-01 -3.998452657263125432e-02 0.000000000000000000e+00
4.768623338296336112e-01 -3.994441593754787662e-02 0.000000000000000000e+00
4.775741552534121248e-01 -3.990408263073570716e-02 0.000000000000000000e+00
4.782859640207044460e-01 -3.986352665545732366e-02 0.000000000000000000e+00
4.789977600542663638e-01 -3.982274801497526912e-02 0.000000000000000000e+00
4.797095432768533896e-01 -3.978174671255212819e-02 0.000000000000000000e+00
4.804213136112209792e-01 -3.974052275145045082e-02 0.000000000000000000e+00
4.811330709801251437e-01 -3.969907613493280779e-02 0.000000000000000000e+00
4.818448153063212835e-01 -3.965740686626177680e-02 0.000000000000000000e+00
4.825565465125650211e-01 -3.961551494869989393e-02 0.000000000000000000e+00
4.832682645216123118e-01 -3.957340038550976463e-02 0.000000000000000000e+00
4.839799692562183342e-01 -3.953106317995391805e-02 0.000000000000000000e+00
4.846916606391390436e-01 -3.948850333529493883e-02 0.000000000000000000e+00
4.854033385931299516e-01 -3.944572085479539081e-02 0.000000000000000000e+00
4.861150030409467915e-01 -3.940271574171782393e-02 0.000000000000000000e+00
4.868266539053451858e-01 -3.935948799932482978e-02 0.000000000000000000e+00
4.875382911090806459e-01 -3.931603763087895137e-02 0.000000000000000000e+00
4.882499145749090164e-01 -3.927236463964276642e-02 0.000000000000000000e+00
4.889615242255857530e-01 -3.922846902887883180e-02 0.000000000000000000e+00
4.896731199838666448e-01 -3.918435080184972524e-02 0.000000000000000000e+00
4.903847017725072033e-01 -3.914000996181800363e-02 0.000000000000000000e+00
4.910962695142631618e-01 -3.909544651204623078e-02 0.000000000000000000e+00
4.918078231318900873e-01 -3.905066045579697054e-02 0.000000000000000000e+00
4.925193625481437132e-01 -3.900565179633279367e-02 0.000000000000000000e+00
4.932308876857796620e-01 -3.896042053691625706e-02 0.000000000000000000e+00
4.939423984675535562e-01 -3.891496668080993843e-02 0.000000000000000000e+00
4.946538948162210181e-01 -3.886929023127640853e-02 0.000000000000000000e+00
4.953653766545376147e-01 -3.882339119157821733e-02 0.000000000000000000e+00
4.960768439052590795e-01 -3.877726956497793559e-02 0.000000000000000000e+00
4.967882964911412014e-01 -3.873092535473811326e-02 0.000000000000000000e+00
4.974997343350370804e-01 -3.868435855673285628e-02 0.000000000000000000e+00
4.982111573607697630e-01 -3.863756909364283315e-02 0.000000000000000000e+00
4.989225654927155196e-01 -3.859055684633164174e-02 0.000000000000000000e+00
4.996339586552575041e-01 -3.854332169517294543e-02 0.000000000000000000e+00
5.003453367727785928e-01 -3.849586352054038679e-02 0.000000000000000000e+00
5.010566997696614955e-01 -3.844818220280761534e-02 0.000000000000000000e+00
5.017680475702894771e-01 -3.840027762234829445e-02 0.000000000000000000e+00
5.024793800990452475e-01 -3.835214965953606669e-02 0.000000000000000000e+00
5.031906972803117384e-01 -3.830379819474457465e-02 0.000000000000000000e+00
5.039019990384722147e-01 -3.825522310834749556e-02 0.000000000000000000e+00
5.046132852979093864e-01 -3.820642428071846508e-02 0.000000000000000000e+00
5.053245559830062961e-01 -3.815740159223113964e-02 0.000000000000000000e+00
5.060358110181457647e-01 -3.810815492325916876e-02 0.000000000000000000e+00
5.067470503277107241e-01 -3.805868415417619499e-02 0.000000000000000000e+00
5.074582738360842171e-01 -3.800898916535588867e-02 0.000000000000000000e+00
5.081694814676492866e-01 -3.795906983717188543e-02 0.000000000000000000e+00
5.088806731467886424e-01 -3.790892604999784171e-02 0.000000000000000000e+00
5.095918487978854383e-01 -3.785855768420743478e-02 0.000000000000000000e+00
5.103030083453224952e-01 -3.780796462017426557e-02 0.000000000000000000e+00
5.110141517134829670e-01 -3.775714673827202522e-02 0.000000000000000000e+00
5.117252788267493413e-01 -3.770610391887435631e-02 0.000000000000000000e+00
5.124363896095051052e-01 -3.765483604235490139e-02 0.000000000000000000e+00
5.131474839861327464e-01 -3.760334298908732387e-02 0.000000000000000000e+00
5.138585618810156408e-01 -3.755162463944527323e-02 0.000000000000000000e+00
5.145696232185364982e-01 -3.749968087380238513e-02 0.000000000000000000e+00
5.152806679230781395e-01 -3.744751157253233681e-02 0.000000000000000000e+00
5.159916959190237185e-01 -3.739511661600877779e-02 0.000000000000000000e+00
5.167027071307560560e-01 -3.734249588460533675e-02 0.000000000000000000e+00
5.174137014826583059e-01 -3.728964925869568403e-02 0.000000000000000000e+00
5.181246788991132890e-01 -3.723657661865346219e-02 0.000000000000000000e+00
5.188356393045038262e-01 -3.718327784485232768e-02 0.000000000000000000e+00
5.195465826232130713e-01 -3.712975281766594388e-02 0.000000000000000000e+00
5.202575087796239561e-01 -3.707600141746794642e-02 0.000000000000000000e+00
5.209684176981191905e-01 -3.702202352463198481e-02 0.000000000000000000e+00
5.216793093030820394e-01 -3.696781901953171551e-02 0.000000000000000000e+00
5.223901835188951015e-01 -3.691338778254079495e-02 0.000000000000000000e+00
5.231010402699416417e-01 -3.685872969403287958e-02 0.000000000000000000e+00
5.238118794806044809e-01 -3.680384463438160503e-02 0.000000000000000000e+00
5.245227010752664398e-01 -3.674873248396064163e-02 0.000000000000000000e+00
5.252335049783107834e-01 -3.669339312314362500e-02 0.000000000000000000e+00
5.259442911141201105e-01 -3.663782643230421854e-02 0.000000000000000000e+00
5.266550594070776858e-01 -3.658203229181606481e-02 0.000000000000000000e+00
5.273658097815661083e-01 -3.652601058205282719e-02 0.000000000000000000e+00
5.280765421619686428e-01 -3.646976118338814132e-02 0.000000000000000000e+00
5.287872564726681102e-01 -3.641328397619567059e-02 0.000000000000000000e+00
5.294979526380474422e-01 -3.635657884084907837e-02 0.000000000000000000e+00
5.302086305824894596e-01 -3.629964565772197949e-02 0.000000000000000000e+00
5.309192902303774275e-01 -3.624248430718806507e-02 0.000000000000000000e+00
5.316299315060939445e-01 -3.618509466962096383e-02 0.000000000000000000e+00
5.323405543340222756e-01 -3.612747662539433219e-02 0.000000000000000000e+00
5.330511586385451306e-01 -3.606963005488182661e-02 0.000000000000000000e+00
5.337617443440455522e-01 -3.601155483845709659e-02 0.000000000000000000e+00
5.344723113749064725e-01 -3.595325085649379859e-02 0.000000000000000000e+00
5.351828596555108231e-01 -3.589471798936558211e-02 0.000000000000000000e+00
5.358933891102417579e-01 -3.583595611744607584e-02 0.000000000000000000e+00
5.366038996634818758e-01 -3.577696512110897092e-02 0.000000000000000000e+00
5.373143912396143307e-01 -3.571774488072789605e-02 0.000000000000000000e+00
5.380248637630218322e-01 -3.565829527667650767e-02 0.000000000000000000e+00
5.387353171580878675e-01 -3.559861618932845528e-02 0.000000000000000000e+00
5.394457513491948131e-01 -3.553870749905739534e-02 0.000000000000000000e+00
5.401561662607258230e-01 -3.547856908623697042e-02 0.000000000000000000e+00
5.408665618170639400e-01 -3.541820083124085083e-02 0.000000000000000000e+00
5.415769379425920960e-01 -3.535760261444267222e-02 0.000000000000000000e+00
5.422872945616930007e-01 -3.529677431621608408e-02 0.000000000000000000e+00
5.429976315987499191e-01 -3.523571581693474980e-02 0.000000000000000000e+00
5.437079489781455610e-01 -3.517442699697231889e-02 0.000000000000000000e+00
5.444182466242630802e-01 -3.511290773670244086e-02 0.000000000000000000e+00
5.451285244605239555e-01 -3.505115793038286742e-02 0.000000000000000000e+00
5.458387824054694581e-01 -3.498917754277199033e-02 0.000000000000000000e+00
5.465490203760948740e-01 -3.492696656095085200e-02 0.000000000000000000e+00
5.472592382893950447e-01 -3.486452497200933504e-02 0.000000000000000000e+00
5.479694360623652560e-01 -3.480185276303734282e-02 0.000000000000000000e+00
5.486796136120001277e-01 -3.473894992112476487e-02 0.000000000000000000e+00
5.493897708552947234e-01 -3.467581643336147684e-02 0.000000000000000000e+00
5.500999077092437739e-01 -3.461245228683740294e-02 0.000000000000000000e+00
5.508100240908423428e-01 -3.454885746864240492e-02 0.000000000000000000e+00
5.515201199170854940e-01 -3.448503196586640007e-02 0.000000000000000000e+00
5.522301951049678470e-01 -3.442097576559926403e-02 0.000000000000000000e+00
5.529402495714847987e-01 -3.435668885493087243e-02 0.000000000000000000e+00
5.536502832336305246e-01 -3.429217122095116338e-02 0.000000000000000000e+00
5.543602960084005327e-01 -3.422742285074997781e-02 0.000000000000000000e+00
5.550702878127896645e-01 -3.416244373141725382e-02 0.000000000000000000e+00
5.557802585637926507e-01 -3.409723385004285318e-02 0.000000000000000000e+00
5.564902081784047772e-01 -3.403179319371667927e-02 0.000000000000000000e+00
5.572001365736204415e-01 -3.396612174952860774e-02 0.000000000000000000e+00
5.579100436664348184e-01 -3.390021950456855587e-02 0.000000000000000000e+00
5.586199293738429716e-01 -3.383408644592641318e-02 0.000000000000000000e+00
5.593297936128397430e-01 -3.376772256069205530e-02 0.000000000000000000e+00
5.600396363004198630e-01 -3.370112783595536482e-02 0.000000000000000000e+00
5.607494573535785065e-01 -3.363430225880626595e-02 0.000000000000000000e+00
5.614592566893104042e-01 -3.356724581633463433e-02 0.000000000000000000e+00
5.621690342246106198e-01 -3.349995849563035949e-02 0.000000000000000000e+00
5.628787898764742170e-01 -3.343244028378334481e-02 0.000000000000000000e+00
5.635885235618955935e-01 -3.336469116788344513e-02 0.000000000000000000e+00
5.642982351978700351e-01 -3.329671113502061242e-02 0.000000000000000000e+00
5.650079247013926054e-01 -3.322850017228469455e-02 0.000000000000000000e+00
5.657175919894580352e-01 -3.316005826676560186e-02 0.000000000000000000e+00
5.664272369790609440e-01 -3.309138540555321001e-02 0.000000000000000000e+00
5.671368595871969509e-01 -3.302248157573742238e-02 0.000000000000000000e+00
5.678464597308603423e-01 -3.295334676440813543e-02 0.000000000000000000e+00
5.685560373270464041e-01 -3.288398095865523174e-02 0.000000000000000000e+00
5.692655922927497558e-01 -3.281438414556861471e-02 0.000000000000000000e+00
5.699751245449657944e-01 -3.274455631223816693e-02 0.000000000000000000e+00
5.706846340006891394e-01 -3.267449744575377790e-02 0.000000000000000000e+00
5.713941205769144105e-01 -3.260420753320534409e-02 0.000000000000000000e+00
5.721035841906372266e-01 -3.253368656168275502e-02 0.000000000000000000e+00
5.728130247588517632e-01 -3.246293451827591409e-02 0.000000000000000000e+00
5.735224421985535281e-01 -3.239195139007468999e-02 0.000000000000000000e+00
5.742318364267372521e-01 -3.232073716416900000e-02 0.000000000000000000e+00
5.749412073603977769e-01 -3.224929182764872670e-02 0.000000000000000000e+00
5.756505549165300550e-01 -3.217761536760375268e-02 0.000000000000000000e+00
5.763598790121290394e-01 -3.210570777112398827e-02 0.000000000000000000e+00
5.770691795641895716e-01 -3.203356902529930911e-02 0.000000000000000000e+00
5.777784564897068265e-01 -3.196119911721960472e-02 0.000000000000000000e+00
5.784877097056754236e-01 -3.188859803397478543e-02 0.000000000000000000e+00
5.791969391290902047e-01 -3.181576576265472689e-02 0.000000000000000000e+00
5.799061446769465666e-01 -3.174270229034933249e-02 0.000000000000000000e+00
5.806153262662390180e-01 -3.166940760414848482e-02 0.000000000000000000e+00
5.813244838139626225e-01 -3.159588169114207340e-02 0.000000000000000000e+00
5.820336172371123329e-01 -3.152212453842000162e-02 0.000000000000000000e+00
5.827427264526828798e-01 -3.144813613307215899e-02 0.000000000000000000e+00
5.834518113776694381e-01 -3.137391646218843505e-02 0.000000000000000000e+00
5.841608719290670715e-01 -3.129946551285870543e-02 0.000000000000000000e+00
5.848699080238701775e-01 -3.122478327217289434e-02 0.000000000000000000e+00
5.855789195790740420e-01 -3.114986972722087397e-02 0.000000000000000000e+00
5.862879065116735067e-01 -3.107472486509254769e-02 0.000000000000000000e+00
5.869968687386635242e-01 -3.099934867287780157e-02 0.000000000000000000e+00
5.877058061770389363e-01 -3.092374113766650778e-02 0.000000000000000000e+00
5.884147187437946958e-01 -3.084790224654858706e-02 0.000000000000000000e+00
5.891236063559256442e-01 -3.077183198661392199e-02 0.000000000000000000e+00
5.898324689304269564e-01 -3.069553034495240210e-02 0.000000000000000000e+00
5.905413063842932520e-01 -3.061899730865392036e-02 0.000000000000000000e+00
5.912501186345197057e-01 -3.054223286480836283e-02 0.000000000000000000e+00
5.919589056122859239e-01 -3.046523710015470662e-02 0.000000000000000000e+00
5.926676673268487239e-01 -3.038801064992159920e-02 0.000000000000000000e+00
5.933764038141847719e-01 -3.031055433704501686e-02 0.000000000000000000e+00
5.940851151102939376e-01 -3.023286898462557853e-02 0.000000000000000000e+00
5.947938012511762018e-01 -3.015495541576393435e-02 0.000000000000000000e+00
5.955024622728313233e-01 -3.007681445356071362e-02 0.000000000000000000e+00
5.962110982112597268e-01 -2.999844692111655609e-02 0.000000000000000000e+00
5.969197091024612822e-01 -2.991985364153210147e-02 0.000000000000000000e+00
5.976282949824358592e-01 -2.984103543790797564e-02 0.000000000000000000e+00
5.983368558871837717e-01 -2.976199313334481483e-02 0.000000000000000000e+00
5.990453918527045563e-01 -2.968272755094326226e-02 0.000000000000000000e+00
5.997539029149985268e-01 -2.960323951380395072e-02 0.000000000000000000e+00
6.004623891100657751e-01 -2.952352984502751992e-02 0.000000000000000000e+00
6.011708504739059489e-01 -2.944359936771459921e-02 0.000000000000000000e+00
6.018792870425192509e-01 -2.936344890496581095e-02 0.000000000000000000e+00
6.025876988519056621e-01 -2.928307927988181569e-02 0.000000000000000000e+00
6.032960859380652741e-01 -2.920249131556325317e-02 0.000000000000000000e+00
6.040044483369979567e-01 -2.912168583511072842e-02 0.000000000000000000e+00
6.047127860847038017e-01 -2.904066366162490198e-02 0.000000000000000000e+00
6.054210992171827899e-01 -2.895942561820639624e-02 0.000000000000000000e+00
6.061293877704349020e-01 -2.887797252795585440e-02 0.000000000000000000e+00
6.068376517804598969e-01 -2.879630521397391271e-02 0.000000000000000000e+00
6.075458912832581992e-01 -2.871442449936120397e-02 0.000000000000000000e+00
6.082541063148296789e-01 -2.863233120721836791e-02 0.000000000000000000e+00
6.089622969111743167e-01 -2.855002616064603038e-02 0.000000000000000000e+00
6.096704631082918713e-01 -2.846751018274483111e-02 0.000000000000000000e+00
6.103786049421826565e-01 -2.838478409661541330e-02 0.000000000000000000e+00
6.110867224488466531e-01 -2.830184872535840973e-02 0.000000000000000000e+00
6.117948156642837310e-01 -2.821870489207445667e-02 0.000000000000000000e+00
6.125028846244939817e-01 -2.813535341986418345e-02 0.000000000000000000e+00
6.132109293654770532e-01 -2.805179513182822285e-02 0.000000000000000000e+00
6.139189499232338143e-01 -2.796803085106722847e-02 0.000000000000000000e+00
6.146269463337632466e-01 -2.788406140068182965e-02 0.000000000000000000e+00
6.153349186330658860e-01 -2.779988760377264528e-02 0.000000000000000000e+00
6.160428668571418243e-01 -2.771551028344032205e-02 0.000000000000000000e+00
6.167507910419905981e-01 -2.763093026278549968e-02 0.000000000000000000e+00
6.174586912236128544e-01 -2.754614836490882485e-02 0.000000000000000000e+00
6.181665674380080189e-01 -2.746116541291091298e-02 0.000000000000000000e+00
6.188744197211764053e-01 -2.737598222989240382e-02 0.000000000000000000e+00
6.195822481091178835e-01 -2.729059963895392668e-02 0.000000000000000000e+00
6.202900526378326562e-01 -2.720501846319613864e-02 0.000000000000000000e+00
6.209978333433202602e-01 -2.711923952571965862e-02 0.000000000000000000e+00
6.217055902615811203e-01 -2.703326364962513328e-02 0.000000000000000000e+00
6.224133234286151062e-01 -2.694709165801319195e-02 0.000000000000000000e+00
6.231210328804224208e-01 -2.686072437398446047e-02 0.000000000000000000e+00
6.238287186530026007e-01 -2.677416262063958899e-02 0.000000000000000000e+00
6.245363807823562929e-01 -2.668740722107922417e-02 0.000000000000000000e+00
6.252440193044827010e-01 -2.660045899840397104e-02 0.000000000000000000e+00
6.259516342553825829e-01 -2.651331877571447629e-02 0.000000000000000000e+00
6.266592256710552533e-01 -2.642598737611139004e-02 0.000000000000000000e+00
6.273667935875014701e-01 -2.633846562269534508e-02 0.000000000000000000e+00
6.280743380407205478e-01 -2.625075433856696380e-02 0.000000000000000000e+00
6.287818590667128005e-01 -2.616285434682688940e-02 0.000000000000000000e+00
6.294893567014782088e-01 -2.607476647057574773e-02 0.000000000000000000e+00
6.301968309810168645e-01 -2.598649153291418892e-02 0.000000000000000000e+00
6.309042819413285264e-01 -2.589803035694285271e-02 0.000000000000000000e+00
6.316117096184133972e-01 -2.580938376576235802e-02 0.000000000000000000e+00
6.323191140482714578e-01 -2.572055258247335496e-02 0.000000000000000000e+00
6.330264952669025780e-01 -2.563153763017645553e-02 0.000000000000000000e+00
6.337338533103068494e-01 -2.554233973197232721e-02 0.000000000000000000e+00
6.344411882144844750e-01 -2.545295971096159238e-02 0.000000000000000000e+00
6.351485000154349914e-01 -2.536339839024488382e-02 0.000000000000000000e+00
6.358557887491586014e-01 -2.527365659292283781e-02 0.000000000000000000e+00
6.365630544516556188e-01 -2.518373514209608366e-02 0.000000000000000000e+00
6.372702971589256915e-01 -2.509363486086527151e-02 0.000000000000000000e+00
6.379775169069689111e-01 -2.500335657233103762e-02 0.000000000000000000e+00
6.386847137317852585e-01 -2.491290109959400090e-02 0.000000000000000000e+00
6.393918876814215224e-01 -2.482226930334519716e-02 0.000000000000000000e+00
6.400990388600672487e-01 -2.473146221946433826e-02 0.000000000000000000e+00
6.408061673882554654e-01 -2.464048093482702068e-02 0.000000000000000000e+00
6.415132733865203107e-01 -2.454932653631457587e-02 0.000000000000000000e+00
6.422203569753963670e-01 -2.445800011080833877e-02 0.000000000000000000e+00
6.429274182754181055e-01 -2.436650274518967554e-02 0.000000000000000000e+00
6.436344574071201086e-01 -2.427483552633991765e-02 0.000000000000000000e+00
6.443414744910364034e-01 -2.418299954114042083e-02 0.000000000000000000e+00
6.450484696477017943e-01 -2.409099587647252697e-02 0.000000000000000000e+00
6.457554429976506416e-01 -2.399882561921759180e-02 0.000000000000000000e+00
6.464623946614174166e-01 -2.390648985625695375e-02 0.000000000000000000e+00
6.471693247595368126e-01 -2.381398967447195120e-02 0.000000000000000000e+00
6.478762334125428568e-01 -2.372132616074395031e-02 0.000000000000000000e+00
6.485831207409702426e-01 -2.362850040195428603e-02 0.000000000000000000e+00
6.492899868653533302e-01 -2.353551348498430715e-02 0.000000000000000000e+00
6.499968319062265909e-01 -2.344236649671536943e-02 0.000000000000000000e+00
6.507036559841246071e-01 -2.334906052402879392e-02 0.000000000000000000e+00
6.514104592195817389e-01 -2.325559665380596067e-02 0.000000000000000000e+00
6.521172417331325688e-01 -2.316197597292819765e-02 0.000000000000000000e+00
6.528240036453112349e-01 -2.306819956827685716e-02 0.000000000000000000e+00
6.535307450766525417e-01 -2.297426852673328454e-02 0.000000000000000000e+00
6.542374661476907383e-01 -2.288018393517881124e-02 0.000000000000000000e+00
6.549441669789602960e-01 -2.278594688049481384e-02 0.000000000000000000e+00
6.556508476909957972e-01 -2.269155844956262033e-02 0.000000000000000000e+00
6.563575084043316021e-01 -2.259701972926358646e-02 0.000000000000000000e+00
6.570641492395021821e-01 -2.250233180647904715e-02 0.000000000000000000e+00
6.577707703170420084e-01 -2.240749576809035123e-02 0.000000000000000000e+00
6.584773717574854413e-01 -2.231251270097885792e-02 0.000000000000000000e+00
6.591839536813671740e-01 -2.221738369202590907e-02 0.000000000000000000e+00
6.598905162092213450e-01 -2.212210982811284657e-02 0.000000000000000000e+00
6.605970594615826474e-01 -2.202669219612101575e-02 0.000000000000000000e+00
6.613035835589854416e-01 -2.193113188293176197e-02 0.000000000000000000e+00
6.620100886219644210e-01 -2.183542997542644790e-02 0.000000000000000000e+00
6.627165747710536126e-01 -2.173958756048640847e-02 0.000000000000000000e+00
6.634230421267875988e-01 -2.164360572499299251e-02 0.000000000000000000e+00
6.641294908097010730e-01 -2.154748555582754882e-02 0.000000000000000000e+00
6.648359209403283954e-01 -2.145122813987140539e-02 0.000000000000000000e+00
6.655423326392038152e-01 -2.135483456400593186e-02 0.000000000000000000e+00
6.662487260268620259e-01 -2.125830591511248049e-02 0.000000000000000000e+00
6.669551012238372767e-01 -2.116164328007237583e-02 0.000000000000000000e+00
6.676614583506642608e-01 -2.106484774576698402e-02 0.000000000000000000e+00
6.683677975278774497e-01 -2.096792039907762611e-02 0.000000000000000000e+00
6.690741188760112035e-01 -2.087086232688568216e-02 0.000000000000000000e+00
6.697804225155997715e-01 -2.077367461607248361e-02 0.000000000000000000e+00
6.704867085671776250e-01 -2.067635835351936541e-02 0.000000000000000000e+00
6.711929771512795684e-01 -2.057891462610767636e-02 0.000000000000000000e+00
6.718992283884400729e-01 -2.048134452071878955e-02 0.000000000000000000e+00
6.726054623991930548e-01 -2.038364912423402953e-02 0.000000000000000000e+00
6.733116793040734294e-01 -2.028582952353474855e-02 0.000000000000000000e+00
6.740178792236155569e-01 -2.018788680550229198e-02 0.000000000000000000e+00
6.747240622783540198e-01 -2.008982205701800167e-02 0.000000000000000000e+00
6.754302285888228452e-01 -1.999163636496323337e-02 0.000000000000000000e+00
6.761363782755569485e-01 -1.989333081621933938e-02 0.000000000000000000e+00
6.768425114590905789e-01 -1.979490649766765462e-02 0.000000000000000000e+00
6.775486282599580967e-01 -1.969636449618952789e-02 0.000000000000000000e+00
6.782547287986943063e-01 -1.959770589866629761e-02 0.000000000000000000e+00
6.789608131958332349e-01 -1.949893179197932647e-02 0.000000000000000000e+00
6.796668815719094647e-01 -1.940004326300995632e-02 0.000000000000000000e+00
6.803729340474578002e-01 -1.930104139863954293e-02 0.000000000000000000e+00
6.810789707430123796e-01 -1.920192728574941429e-02 0.000000000000000000e+00
6.817849917791075631e-01 -1.910270201122091574e-02 0.000000000000000000e+00
6.824909972762781551e-01 -1.900336666193542037e-02 0.000000000000000000e+00
6.831969873550581829e-01 -1.890392232477425272e-02 0.000000000000000000e+00
6.839029621359824507e-01 -1.880437008661876852e-02 0.000000000000000000e+00
6.846089217395850968e-01 -1.870471103435030966e-02 0.000000000000000000e+00
6.853148662864010365e-01 -1.860494625485021453e-02 0.000000000000000000e+00
6.860207958969644082e-01 -1.850507683499985623e-02 0.000000000000000000e+00
6.867267106918096831e-01 -1.840510386168056275e-02 0.000000000000000000e+00
6.874326107914716655e-01 -1.830502842177480702e-02 0.000000000000000000e+00
6.881384963289880474e-01 -1.820485164592821475e-02 0.000000000000000000e+00
6.888443674830584396e-01 -1.810457482461426057e-02 0.000000000000000000e+00
6.895502244428033389e-01 -1.800419928478302900e-02 0.000000000000000000e+00
6.902560673973440197e-01 -1.790372635338454560e-02 0.000000000000000000e+00
6.909618965358007570e-01 -1.780315735736886715e-02 0.000000000000000000e+00
6.916677120472947138e-01 -1.770249362368602614e-02 0.000000000000000000e+00
6.923735141209460542e-01 -1.760173647928607241e-02 0.000000000000000000e+00
6.930793029458760524e-01 -1.750088725111907315e-02 0.000000000000000000e+00
6.937850787112050943e-01 -1.739994726613506432e-02 0.000000000000000000e+00
6.944908416060542322e-01 -1.729891785128409229e-02 0.000000000000000000e+00
6.951965918195438521e-01 -1.719780033351620691e-02 0.000000000000000000e+00
6.959023295407953391e-01 -1.709659603978144760e-02 0.000000000000000000e+00
6.966080549589288573e-01 -1.699530629702988502e-02 0.000000000000000000e+00
6.973137682630652368e-01 -1.689393243221154473e-02 0.000000000000000000e+00
6.980194696423253076e-01 -1.679247577227648350e-02 0.000000000000000000e+00
6.987251592858297888e-01 -1.669093764417475118e-02 0.000000000000000000e+00
6.994308373826995107e-01 -1.658931937485637678e-02 0.000000000000000000e+00
7.001365041220553032e-01 -1.648762229127144138e-02 0.000000000000000000e+00
7.008421596930175523e-01 -1.638584772036997400e-02 0.000000000000000000e+00
7.015478042847071993e-01 -1.628399698910201754e-02 0.000000000000000000e+00
7.022534380862451853e-01 -1.618207142441763224e-02 0.000000000000000000e+00
7.029590612867520072e-01 -1.608007235326684714e-02 0.000000000000000000e+00
7.036646740753483842e-01 -1.597800110259973635e-02 0.000000000000000000e+00
7.043702766411553684e-01 -1.587585899936633238e-02 0.000000000000000000e+00
7.050758691732932348e-01 -1.577364737051668506e-02 0.000000000000000000e+00
7.057814518608830356e-01 -1.567136754300083729e-02 0.000000000000000000e+00
7.064870248930459340e-01 -1.556902084376884064e-02 0.000000000000000000e+00
7.071925884589017608e-01 -1.546660859977074844e-02 0.000000000000000000e+00
7.078981427475719013e-01 -1.536413213795660877e-02 0.000000000000000000e+00
7.086036879481770745e-01 -1.526159278527646282e-02 0.000000000000000000e+00
7.093092242498375555e-01 -1.515899186868036042e-02 0.000000000000000000e+00
7.100147518416746184e-01 -1.505633071511834099e-02 0.000000000000000000e+00
7.107202709128087603e-01 -1.495361065154047001e-02 0.000000000000000000e+00
7.114257816523607003e-01 -1.485083300489678862e-02 0.000000000000000000e+00
7.121312842494513795e-01 -1.474799910213734321e-02 0.000000000000000000e+00
7.128367788932014060e-01 -1.464511027021218013e-02 0.000000000000000000e+00
7.135422657727316098e-01 -1.454216783607133884e-02 0.000000000000000000e+00
7.142477450771624881e-01 -1.443917312666488650e-02 0.000000000000000000e+00
7.149532169956150929e-01 -1.433612746894286256e-02 0.000000000000000000e+00
7.156586817172100323e-01 -1.423303218985531166e-02 0.000000000000000000e+00
7.163641394310681365e-01 -1.412988861635227321e-02 0.000000000000000000e+00
7.170695903263099025e-01 -1.402669807538381441e-02 0.000000000000000000e+00
7.177750345920563824e-01 -1.392346189389997643e-02 0.000000000000000000e+00
7.184804724174280732e-01 -1.382018139885080391e-02 0.000000000000000000e+00
7.191859039915461382e-01 -1.371685791718635014e-02 0.000000000000000000e+00
7.198913295035308524e-01 -1.361349277585664243e-02 0.000000000000000000e+00
7.205967491425031568e-01 -1.351008730181175836e-02 0.000000000000000000e+00
7.213021630975837706e-01 -1.340664282200173044e-02 0.000000000000000000e+00
7.220075715578934128e-01 -1.330316066337661023e-02 0.000000000000000000e+00
7.227129747125529136e-01 -1.319964215288644410e-02 0.000000000000000000e+00
7.234183727506831030e-01 -1.309608861748126629e-02 0.000000000000000000e+00
7.241237658614043671e-01 -1.299250138411114919e-02 0.000000000000000000e+00
7.248291542338378690e-01 -1.288888177972613222e-02 0.000000000000000000e+00
7.255345380571041058e-01 -1.278523113127626003e-02 0.000000000000000000e+00
7.262399175203237967e-01 -1.268155076571158071e-02 0.000000000000000000e+00
7.269452928126181046e-01 -1.257784200998213024e-02 0.000000000000000000e+00
7.276506641231070827e-01 -1.247410619103798100e-02 0.000000000000000000e+00
7.283560316409120050e-01 -1.237034463582916896e-02 0.000000000000000000e+00
7.290613955551534797e-01 -1.226655867130574049e-02 0.000000000000000000e+00
7.297667560549522259e-01 -1.216274962441774542e-02 0.000000000000000000e+00
7.304721133294289626e-01 -1.205891882211521798e-02 0.000000000000000000e+00
7.311774675677045199e-01 -1.195506759134823231e-02 0.000000000000000000e+00
7.318828189588996169e-01 -1.185119725906682263e-02 0.000000000000000000e+00
7.325881676921349728e-01 -1.174730915222103531e-02 0.000000000000000000e+00
7.332935139565313065e-01 -1.164340459776092192e-02 0.000000000000000000e+00
7.339988579412094483e-01 -1.153948492263651669e-02 0.000000000000000000e+00
7.347041998352900061e-01 -1.143555145379789029e-02 0.000000000000000000e+00
7.354095398278939211e-01 -1.133160551819508040e-02 0.000000000000000000e+00
