8.555065872811440375e-01 2.948338345672800107e-02 0.000000000000000000e+00
8.546632579921916717e-01 2.959338398238511511e-02 0.000000000000000000e+00
8.538199284677713274e-01 2.970338240608301136e-02 0.000000000000000000e+00
8.529765986140129819e-01 2.981337802588172881e-02 0.000000000000000000e+00
8.521332683370470562e-01 2.992337013984128560e-02 0.000000000000000000e+00
8.512899375430041937e-01 3.003335804602172768e-02 0.000000000000000000e+00
8.504466061380143715e-01 3.014334104248309401e-02 0.000000000000000000e+00
8.496032740282087881e-01 3.025331842728542706e-02 0.000000000000000000e+00
8.487599411197173094e-01 3.036328949848875192e-02 0.000000000000000000e+00
8.479166073186702457e-01 3.047325355415310758e-02 0.000000000000000000e+00
8.470732725311984623e-01 3.058320989233853301e-02 0.000000000000000000e+00
8.462299366634318254e-01 3.069315781110506375e-02 0.000000000000000000e+00
8.453865996215013112e-01 3.080309660851273529e-02 0.000000000000000000e+00
8.445432613115371190e-01 3.091302558262159356e-02 0.000000000000000000e+00
8.436999216396696699e-01 3.102294403149165672e-02 0.000000000000000000e+00
8.428565805120293852e-01 3.113285125318297764e-02 0.000000000000000000e+00
8.420132378347467972e-01 3.124274654575558141e-02 0.000000000000000000e+00
8.411698935139521049e-01 3.135262920726952091e-02 0.000000000000000000e+00
8.403265474557760628e-01 3.146249853578481775e-02 0.000000000000000000e+00
8.394831995663487589e-01 3.157235382936150747e-02 0.000000000000000000e+00
8.386398497518006145e-01 3.168219438605963251e-02 0.000000000000000000e+00
8.377964979182621619e-01 3.179201950393922144e-02 0.000000000000000000e+00
8.369531439718643773e-01 3.190182848106033753e-02 0.000000000000000000e+00
8.361097878187367938e-01 3.201162061548298854e-02 0.000000000000000000e+00
8.352664293650100547e-01 3.212139520526722386e-02 0.000000000000000000e+00
8.344230685168149142e-01 3.223115154847306513e-02 0.000000000000000000e+00
8.335797051802814606e-01 3.234088894316056867e-02 0.000000000000000000e+00
8.327363392615405591e-01 3.245060668738976306e-02 0.000000000000000000e+00
8.318929706667221868e-01 3.256030407922068381e-02 0.000000000000000000e+00
8.310495993019567651e-01 3.266998041671335257e-02 0.000000000000000000e+00
8.302062250733752702e-01 3.277963499792784646e-02 0.000000000000000000e+00
8.293628478871073462e-01 3.288926712092415938e-02 0.000000000000000000e+00
8.285194676492840804e-01 3.299887608376235459e-02 0.000000000000000000e+00
8.276760842660355610e-01 3.310846118450245373e-02 0.000000000000000000e+00
8.268326976434920983e-01 3.321802172120449925e-02 0.000000000000000000e+00
8.259893076877845575e-01 3.332755699192852666e-02 0.000000000000000000e+00
8.251459143050428047e-01 3.343706629473457842e-02 0.000000000000000000e+00
8.243025174013977052e-01 3.354654892768268309e-02 0.000000000000000000e+00
8.234591168829795693e-01 3.365600418883286926e-02 0.000000000000000000e+00
8.226157126559185961e-01 3.376543137624520713e-02 0.000000000000000000e+00
8.217723046263456510e-01 3.387482978797969058e-02 0.000000000000000000e+00
8.209288927003907110e-01 3.398419872209637593e-02 0.000000000000000000e+00
8.200854767841844195e-01 3.409353747665530565e-02 0.000000000000000000e+00
8.192420567735964054e-01 3.420284526513923257e-02 0.000000000000000000e+00
8.183986324204550744e-01 3.431212011374169119e-02 0.000000000000000000e+00
8.175552033703689103e-01 3.442135917311011511e-02 0.000000000000000000e+00
8.167117692664703776e-01 3.453055957348204197e-02 0.000000000000000000e+00
8.158683297518907196e-01 3.463971844509499548e-02 0.000000000000000000e+00
8.150248844697627337e-01 3.474883291818654102e-02 0.000000000000000000e+00
8.141814330632181074e-01 3.485790012299421620e-02 0.000000000000000000e+00
8.133379751753889719e-01 3.496691718975555169e-02 0.000000000000000000e+00
8.124945104494074588e-01 3.507588124870807816e-02 0.000000000000000000e+00
8.116510385284061435e-01 3.518478943008938181e-02 0.000000000000000000e+00
8.108075590555163803e-01 3.529363886413695861e-02 0.000000000000000000e+00
8.099640716738709667e-01 3.540242668108838781e-02 0.000000000000000000e+00
8.091205760266013680e-01 3.551115001118116538e-02 0.000000000000000000e+00
8.082770717568400487e-01 3.561980598465287751e-02 0.000000000000000000e+00
8.074335585077192512e-01 3.572839173174104793e-02 0.000000000000000000e+00
8.065900359223705518e-01 3.583690438268320039e-02 0.000000000000000000e+00
8.057465036439264150e-01 3.594534106771691412e-02 0.000000000000000000e+00
8.049029613155188612e-01 3.605369891707969898e-02 0.000000000000000000e+00
8.040594085802802438e-01 3.616197506100912035e-02 0.000000000000000000e+00
8.032158450813420281e-01 3.627016662974268807e-02 0.000000000000000000e+00
8.023722704618370116e-01 3.637827075351798140e-02 0.000000000000000000e+00
8.015286843648968818e-01 3.648628456257252406e-02 0.000000000000000000e+00
8.006850864336541029e-01 3.659420518714384674e-02 0.000000000000000000e+00
7.998414763112401404e-01 3.670202975746951479e-02 0.000000000000000000e+00
7.989978536407874588e-01 3.680975540378704502e-02 0.000000000000000000e+00
7.981542180654285223e-01 3.691737925633400974e-02 0.000000000000000000e+00
7.973105692282947965e-01 3.702489844534793267e-02 0.000000000000000000e+00
7.964669067725188567e-01 3.713231010106634450e-02 0.000000000000000000e+00
7.956232303412325013e-01 3.723961135372681058e-02 0.000000000000000000e+00
7.947795395775679728e-01 3.734679933356685466e-02 0.000000000000000000e+00
7.939358341246572914e-01 3.745387117082402129e-02 0.000000000000000000e+00
7.930921136256328108e-01 3.756082399573586195e-02 0.000000000000000000e+00
7.922483777236262181e-01 3.766765493853990732e-02 0.000000000000000000e+00
7.914046260617699780e-01 3.777436112947370889e-02 0.000000000000000000e+00
7.905608582831959996e-01 3.788093969877479733e-02 0.000000000000000000e+00
7.897170740310361925e-01 3.798738777668072414e-02 0.000000000000000000e+00
7.888732729484230211e-01 3.809370249342902692e-02 0.000000000000000000e+00
7.880294546784885057e-01 3.819988097925725024e-02 0.000000000000000000e+00
7.871856188643645558e-01 3.830592036440291781e-02 0.000000000000000000e+00
7.863417651491835247e-01 3.841181777910360196e-02 0.000000000000000000e+00
7.854978931760774330e-01 3.851757035359683334e-02 0.000000000000000000e+00
7.846540025881781899e-01 3.862317521812013571e-02 0.000000000000000000e+00
7.838100930286178158e-01 3.872862950291106748e-02 0.000000000000000000e+00
7.829661641406200356e-01 3.883393033873378669e-02 0.000000000000000000e+00
7.821222156149403304e-01 3.893907513171523255e-02 0.000000000000000000e+00
7.812782472676206291e-01 3.904406201376966340e-02 0.000000000000000000e+00
7.804342589351023207e-01 3.914888923498628659e-02 0.000000000000000000e+00
7.795902504538264610e-01 3.925355504545432334e-02 0.000000000000000000e+00
7.787462216602346610e-01 3.935805769526297404e-02 0.000000000000000000e+00
7.779021723907671992e-01 3.946239543450145298e-02 0.000000000000000000e+00
7.770581024818663529e-01 3.956656651325897445e-02 0.000000000000000000e+00
7.762140117699725117e-01 3.967056918162474577e-02 0.000000000000000000e+00
7.753699000915272865e-01 3.977440168968799511e-02 0.000000000000000000e+00
7.745257672829716222e-01 3.987806228753790205e-02 0.000000000000000000e+00
7.736816131807473518e-01 3.998154922526370864e-02 0.000000000000000000e+00
7.728374376212949759e-01 4.008486075295461526e-02 0.000000000000000000e+00
7.719932404410557725e-01 4.018799512069982927e-02 0.000000000000000000e+00
7.711490214764713524e-01 4.029095057858856493e-02 0.000000000000000000e+00
7.703047805639824386e-01 4.039372537671003655e-02 0.000000000000000000e+00
7.694605175400304198e-01 4.049631776515345144e-02 0.000000000000000000e+00
7.686162322410569070e-01 4.059872599400803084e-02 0.000000000000000000e+00
7.677719245035024009e-01 4.070094831336296820e-02 0.000000000000000000e+00
7.669275941638086236e-01 4.080298297330749863e-02 0.000000000000000000e+00
7.660832410584165197e-01 4.090482822393081558e-02 0.000000000000000000e+00
7.652388650237672563e-01 4.100648231532213334e-02 0.000000000000000000e+00
7.643944658963024441e-01 4.110794349757068006e-02 0.000000000000000000e+00
7.635500435124628060e-01 4.120921002076563533e-02 0.000000000000000000e+00
7.627055977086895089e-01 4.131028013499623425e-02 0.000000000000000000e+00
7.618611283214241636e-01 4.141115209035168415e-02 0.000000000000000000e+00
7.610166351871079371e-01 4.151182413692121320e-02 0.000000000000000000e+00
7.601721181421815521e-01 4.161229452479400098e-02 0.000000000000000000e+00
7.593275770230866195e-01 4.171256150405926871e-02 0.000000000000000000e+00
7.584830116662645283e-01 4.181262332480624455e-02 0.000000000000000000e+00
7.576384219081557791e-01 4.191247823712411502e-02 0.000000000000000000e+00
7.567938075852024271e-01 4.201212449110212910e-02 0.000000000000000000e+00
7.559491685338448619e-01 4.211156033682945249e-02 0.000000000000000000e+00
7.551045045905249165e-01 4.221078402439532723e-02 0.000000000000000000e+00
7.542598155916834246e-01 4.230979380388895372e-02 0.000000000000000000e+00
7.534151013737617752e-01 4.240858792539956013e-02 0.000000000000000000e+00
7.525703617732013573e-01 4.250716463901633296e-02 0.000000000000000000e+00
7.517255966264426714e-01 4.260552219482849345e-02 0.000000000000000000e+00
7.508808057699274396e-01 4.270365884292526282e-02 0.000000000000000000e+00
7.500359890400971619e-01 4.280157283339584839e-02 0.000000000000000000e+00
7.491911462733923388e-01 4.289926241632944365e-02 0.000000000000000000e+00
7.483462773062545814e-01 4.299672584181529061e-02 0.000000000000000000e+00
7.475013819751250566e-01 4.309396135994258276e-02 0.000000000000000000e+00
7.466564601164449311e-01 4.319096722080052742e-02 0.000000000000000000e+00
7.458115115666553718e-01 4.328774167447834581e-02 0.000000000000000000e+00
7.449665361621975457e-01 4.338428297106524528e-02 0.000000000000000000e+00
7.441215337395165053e-01 4.348058936066724611e-02 0.000000000000000000e+00
7.432765041595306155e-01 4.357665920760456224e-02 0.000000000000000000e+00
7.424314473660291736e-01 4.367249126293723527e-02 0.000000000000000000e+00
7.415863633203251259e-01 4.376808435950244741e-02 0.000000000000000000e+00
7.407412519837303089e-01 4.386343733013738783e-02 0.000000000000000000e+00
7.398961133175580018e-01 4.395854900767924567e-02 0.000000000000000000e+00
7.390509472831202631e-01 4.405341822496522397e-02 0.000000000000000000e+00
7.382057538417299281e-01 4.414804381483249801e-02 0.000000000000000000e+00
7.373605329546991660e-01 4.424242461011826388e-02 0.000000000000000000e+00
7.365152845833410344e-01 4.433655944365972462e-02 0.000000000000000000e+00
7.356700086889675916e-01 4.443044714829405550e-02 0.000000000000000000e+00
7.348247052328914508e-01 4.452408655685843875e-02 0.000000000000000000e+00
7.339793741764254476e-01 4.461747650219009820e-02 0.000000000000000000e+00
7.331340154808818621e-01 4.471061581712619526e-02 0.000000000000000000e+00
7.322886291075735299e-01 4.480350333450393990e-02 0.000000000000000000e+00
7.314432150178126202e-01 4.489613788716050741e-02 0.000000000000000000e+00
7.305977731729118574e-01 4.498851830793309386e-02 0.000000000000000000e+00
7.297523035341836328e-01 4.508064342965889537e-02 0.000000000000000000e+00
7.289068060629407819e-01 4.517251208517510108e-02 0.000000000000000000e+00
7.280612807204955850e-01 4.526412310731890015e-02 0.000000000000000000e+00
7.272157274681605443e-01 4.535547532892748868e-02 0.000000000000000000e+00
7.263701462672484954e-01 4.544656758283803499e-02 0.000000000000000000e+00
7.255245370790718296e-01 4.553739870188776295e-02 0.000000000000000000e+00
7.246788998649428271e-01 4.562796751891382702e-02 0.000000000000000000e+00
7.238332345861744344e-01 4.571827286675345103e-02 0.000000000000000000e+00
7.229875412040791538e-01 4.580831357824382416e-02 0.000000000000000000e+00
7.221418196799692657e-01 4.589808848622210780e-02 0.000000000000000000e+00
7.212960699751571614e-01 4.598759642352551885e-02 0.000000000000000000e+00
7.204502920509560093e-01 4.607683622299124648e-02 0.000000000000000000e+00
7.196044858686779788e-01 4.616580671745647291e-02 0.000000000000000000e+00
7.187586513896354612e-01 4.625450673975839422e-02 0.000000000000000000e+00
7.179127885751411808e-01 4.634293512273419263e-02 0.000000000000000000e+00
7.170668973865078621e-01 4.643109069922106424e-02 0.000000000000000000e+00
7.162209777850477854e-01 4.651897230205620515e-02 0.000000000000000000e+00
7.153750297320734530e-01 4.660657876407681144e-02 0.000000000000000000e+00
7.145290531888973673e-01 4.669390891812004452e-02 0.000000000000000000e+00
7.136830481168322526e-01 4.678096159702312129e-02 0.000000000000000000e+00
7.128370144771908334e-01 4.686773563362323092e-02 0.000000000000000000e+00
7.119909522312851680e-01 4.695422986075755561e-02 0.000000000000000000e+00
7.111448613404282026e-01 4.704044311126330535e-02 0.000000000000000000e+00
7.102987417659322178e-01 4.712637421797764153e-02 0.000000000000000000e+00
7.094525934691099378e-01 4.721202201373777413e-02 0.000000000000000000e+00
7.086064164112737540e-01 4.729738533138087841e-02 0.000000000000000000e+00
7.077602105537362798e-01 4.738246300374417824e-02 0.000000000000000000e+00
7.069139758578100174e-01 4.746725386366482807e-02 0.000000000000000000e+00
7.060677122848074694e-01 4.755175674398003094e-02 0.000000000000000000e+00
7.052214197960413600e-01 4.763597047752698987e-02 0.000000000000000000e+00
7.043750983528239695e-01 4.771989389714288016e-02 0.000000000000000000e+00
7.035287479164680224e-01 4.780352583566489788e-02 0.000000000000000000e+00
7.026823684482860211e-01 4.788686512593023914e-02 0.000000000000000000e+00
7.018359599188236375e-01 4.796991066781342711e-02 0.000000000000000000e+00
7.009895223801960729e-01 4.805266195343035895e-02 0.000000000000000000e+00
7.001430559270362952e-01 4.813511878359533896e-02 0.000000000000000000e+00
6.992965606543437573e-01 4.821728096178812262e-02 0.000000000000000000e+00
6.984500366571179120e-01 4.829914829148850008e-02 0.000000000000000000e+00
6.976034840303589890e-01 4.838072057617624766e-02 0.000000000000000000e+00
6.967569028690663302e-01 4.846199761933114858e-02 0.000000000000000000e+00
6.959102932682400544e-01 4.854297922443297220e-02 0.000000000000000000e+00
6.950636553228792813e-01 4.862366519496148093e-02 0.000000000000000000e+00
6.942169891279842409e-01 4.870405533439650658e-02 0.000000000000000000e+00
6.933702947785542747e-01 4.878414944621778382e-02 0.000000000000000000e+00
6.925235723695895018e-01 4.886394733390509587e-02 0.000000000000000000e+00
6.916768219960892639e-01 4.894344880093823291e-02 0.000000000000000000e+00
6.908300437530534577e-01 4.902265365079697818e-02 0.000000000000000000e+00
6.899832377354817581e-01 4.910156168696108714e-02 0.000000000000000000e+00
6.891364040383739509e-01 4.918017271291037079e-02 0.000000000000000000e+00
6.882895427567295998e-01 4.925848653212458461e-02 0.000000000000000000e+00
6.874426539855486018e-01 4.933650294808352571e-02 0.000000000000000000e+00
6.865957378198306316e-01 4.941422176426692875e-02 0.000000000000000000e+00
6.857487943545752529e-01 4.949164278415463941e-02 0.000000000000000000e+00
6.849018236847821406e-01 4.956876581122637154e-02 0.000000000000000000e+00
6.840548259054515245e-01 4.964559064896197776e-02 0.000000000000000000e+00
6.832078011115825245e-01 4.972211710084115804e-02 0.000000000000000000e+00
6.823607493981749261e-01 4.979834497034373725e-02 0.000000000000000000e+00
6.815136708602287374e-01 4.987427406094948473e-02 0.000000000000000000e+00
6.806665655927435221e-01 4.994990417613817679e-02 0.000000000000000000e+00
6.798194336907189550e-01 5.002523511938959666e-02 0.000000000000000000e+00
6.789722752491548219e-01 5.010026669418350675e-02 0.000000000000000000e+00
6.781250903630505755e-01 5.017499870399973194e-02 0.000000000000000000e+00
6.772778791274065568e-01 5.024943095231798607e-02 0.000000000000000000e+00
6.764306416372217745e-01 5.032356324261808705e-02 0.000000000000000000e+00
6.755833779874964584e-01 5.039739537837981814e-02 0.000000000000000000e+00
6.747360882732300613e-01 5.047092716308294869e-02 0.000000000000000000e+00
6.738887725894222580e-01 5.054415840020724110e-02 0.000000000000000000e+00
6.730414310310729453e-01 5.061708889323249944e-02 0.000000000000000000e+00
6.721940636931816870e-01 5.068971844563849305e-02 0.000000000000000000e+00
6.713466706707481579e-01 5.076204686090499130e-02 0.000000000000000000e+00
6.704992520587724769e-01 5.083407394251179129e-02 0.000000000000000000e+00
6.696518079522538747e-01 5.090579949393866932e-02 0.000000000000000000e+00
6.688043384461921370e-01 5.097722331866538087e-02 0.000000000000000000e+00
6.679568436355872718e-01 5.104834522017172305e-02 0.000000000000000000e+00
6.671093236154387318e-01 5.111916500193748603e-02 0.000000000000000000e+00
6.662617784807461918e-01 5.118968246744242528e-02 0.000000000000000000e+00
6.654142083265096597e-01 5.125989742016631712e-02 0.000000000000000000e+00
6.645666132477284771e-01 5.132980966358897945e-02 0.000000000000000000e+00
6.637189933394027630e-01 5.139941900119014695e-02 0.000000000000000000e+00
6.628713486965319701e-01 5.146872523644962366e-02 0.000000000000000000e+00
6.620236794141157732e-01 5.153772817284718588e-02 0.000000000000000000e+00
6.611759855871540692e-01 5.160642761386260297e-02 0.000000000000000000e+00
6.603282673106463108e-01 5.167482336297564427e-02 0.000000000000000000e+00
6.594805246795926168e-01 5.174291522366611384e-02 0.000000000000000000e+00
6.586327577889923290e-01 5.181070299941378104e-02 0.000000000000000000e+00
6.577849667338453443e-01 5.187818649369842217e-02 0.000000000000000000e+00
6.569371516091512264e-01 5.194536550999982738e-02 0.000000000000000000e+00
6.560893125099098722e-01 5.201223985179773829e-02 0.000000000000000000e+00
6.552414495311210674e-01 5.207880932257200057e-02 0.000000000000000000e+00
6.543935627677840428e-01 5.214507372580232114e-02 0.000000000000000000e+00
6.535456523148990282e-01 5.221103286496851098e-02 0.000000000000000000e+00
6.526977182674656985e-01 5.227668654355036026e-02 0.000000000000000000e+00
6.518497607204835065e-01 5.234203456502764529e-02 0.000000000000000000e+00
6.510017797689521268e-01 5.240707673288010765e-02 0.000000000000000000e+00
6.501537755078716785e-01 5.247181285058757222e-02 0.000000000000000000e+00
6.493057480322415032e-01 5.253624272162980141e-02 0.000000000000000000e+00
6.484576974370614977e-01 5.260036614948657152e-02 0.000000000000000000e+00
6.476096238173312258e-01 5.266418293763765884e-02 0.000000000000000000e+00
6.467615272680505845e-01 5.272769288956284661e-02 0.000000000000000000e+00
6.459134078842191373e-01 5.279089580874191112e-02 0.000000000000000000e+00
6.450652657608367813e-01 5.285379149865462867e-02 0.000000000000000000e+00
6.442171009929029690e-01 5.291637976278080330e-02 0.000000000000000000e+00
6.433689136754175975e-01 5.297866040460016968e-02 0.000000000000000000e+00
6.425207039033802303e-01 5.304063322759253879e-02 0.000000000000000000e+00
6.416724717717908755e-01 5.310229803523768000e-02 0.000000000000000000e+00
6.408242173756489857e-01 5.316365463101538347e-02 0.000000000000000000e+00
6.399759408099544578e-01 5.322470281840540468e-02 0.000000000000000000e+00
6.391276421697066334e-01 5.328544240088753381e-02 0.000000000000000000e+00
6.382793215499057426e-01 5.334587318194156103e-02 0.000000000000000000e+00
6.374309790455511271e-01 5.340599496504725568e-02 0.000000000000000000e+00
6.365826147531957746e-01 5.346580758345985396e-02 0.000000000000000000e+00
6.357342287930242142e-01 5.352531132354156757e-02 0.000000000000000000e+00
6.348858213036181475e-01 5.358450682437380930e-02 0.000000000000000000e+00
6.340373924240444437e-01 5.364339473434032168e-02 0.000000000000000000e+00
6.331889422933688616e-01 5.370197570182483338e-02 0.000000000000000000e+00
6.323404710506587145e-01 5.376025037521107997e-02 0.000000000000000000e+00
6.314919788349800944e-01 5.381821940288281092e-02 0.000000000000000000e+00
6.306434657854000925e-01 5.387588343322375489e-02 0.000000000000000000e+00
6.297949320409846896e-01 5.393324311461765441e-02 0.000000000000000000e+00
6.289463777408009770e-01 5.399029909544824507e-02 0.000000000000000000e+00
6.280978030239152687e-01 5.404705202409926246e-02 0.000000000000000000e+00
6.272492080293941008e-01 5.410350254895443523e-02 0.000000000000000000e+00
6.264005928963043424e-01 5.415965131839751978e-02 0.000000000000000000e+00
6.255519577637120854e-01 5.421549898081222396e-02 0.000000000000000000e+00
6.247033027706844210e-01 5.427104618458231805e-02 0.000000000000000000e+00
6.238546280562875523e-01 5.432629357809149601e-02 0.000000000000000000e+00
6.230059337595880153e-01 5.438124180972354199e-02 0.000000000000000000e+00
6.221572200196527902e-01 5.443589152786216384e-02 0.000000000000000000e+00
6.213084869755483020e-01 5.449024338089109715e-02 0.000000000000000000e+00
6.204597347663408646e-01 5.454429801719411219e-02 0.000000000000000000e+00
6.196109635310973474e-01 5.459805608515490988e-02 0.000000000000000000e+00
6.187621734088842862e-01 5.465151823315723967e-02 0.000000000000000000e+00
6.179133645387679952e-01 5.470468510958483715e-02 0.000000000000000000e+00
6.170645370598151214e-01 5.475755736282143793e-02 0.000000000000000000e+00
6.162156911110925339e-01 5.481013564125077064e-02 0.000000000000000000e+00
6.153668268316666579e-01 5.486242059325659864e-02 0.000000000000000000e+00
6.145179443606040293e-01 5.491441286722262977e-02 0.000000000000000000e+00
6.136690438369710732e-01 5.496611311153262042e-02 0.000000000000000000e+00
6.128201253998347697e-01 5.501752197457029925e-02 0.000000000000000000e+00
6.119711891882613219e-01 5.506864010471940879e-02 0.000000000000000000e+00
6.111222353413173769e-01 5.511946815036367769e-02 0.000000000000000000e+00
6.102732639980696927e-01 5.517000675988685543e-02 0.000000000000000000e+00
6.094242752975845834e-01 5.522025658167264983e-02 0.000000000000000000e+00
6.085752693789288070e-01 5.527021826410483812e-02 0.000000000000000000e+00
6.077262463811688997e-01 5.531989245556712120e-02 0.000000000000000000e+00
6.068772064433713975e-01 5.536927980444325548e-02 0.000000000000000000e+00
6.060281497046029475e-01 5.541838095911698348e-02 0.000000000000000000e+00
6.051790763039300858e-01 5.546719656797201303e-02 0.000000000000000000e+00
6.043299863804195704e-01 5.551572727939212831e-02 0.000000000000000000e+00
6.034808800731376044e-01 5.556397374176103021e-02 0.000000000000000000e+00
6.026317575211509459e-01 5.561193660346246126e-02 0.000000000000000000e+00
6.017826188635260198e-01 5.565961651288014317e-02 0.000000000000000000e+00
6.009334642393300285e-01 5.570701411839786010e-02 0.000000000000000000e+00
6.000842937876286198e-01 5.575413006839930602e-02 0.000000000000000000e+00
5.992351076474889959e-01 5.580096501126823733e-02 0.000000000000000000e+00
5.983859059579775819e-01 5.584751959538837573e-02 0.000000000000000000e+00
5.975366888581609137e-01 5.589379446914347765e-02 0.000000000000000000e+00
5.966874564871055275e-01 5.593979028091726480e-02 0.000000000000000000e+00
5.958382089838782925e-01 5.598550767909347969e-02 0.000000000000000000e+00
5.949889464875453005e-01 5.603094731205585100e-02 0.000000000000000000e+00
5.941396691371734207e-01 5.607610982818812817e-02 0.000000000000000000e+00
5.932903770718293002e-01 5.612099587587406069e-02 0.000000000000000000e+00
5.924410704305792530e-01 5.616560610349734251e-02 0.000000000000000000e+00
5.915917493524901483e-01 5.620994115944175779e-02 0.000000000000000000e+00
5.907424139766283000e-01 5.625400169209099355e-02 0.000000000000000000e+00
5.898930644420604663e-01 5.629778834982884089e-02 0.000000000000000000e+00
5.890437008878530722e-01 5.634130178103899378e-02 0.000000000000000000e+00
5.881943234530727649e-01 5.638454263410520861e-02 0.000000000000000000e+00
5.873449322767863023e-01 5.642751155741123487e-02 0.000000000000000000e+00
5.864955274980598876e-01 5.647020919934077343e-02 0.000000000000000000e+00
5.856461092559605008e-01 5.651263620827759460e-02 0.000000000000000000e+00
5.847966776895543450e-01 5.655479323260541313e-02 0.000000000000000000e+00
5.839472329379082893e-01 5.659668092070798545e-02 0.000000000000000000e+00
5.830977751400887588e-01 5.663829992096903326e-02 0.000000000000000000e+00
5.822483044351622894e-01 5.667965088177229910e-02 0.000000000000000000e+00
5.813988209621955283e-01 5.672073445150151855e-02 0.000000000000000000e+00
5.805493248602551226e-01 5.676155127854043414e-02 0.000000000000000000e+00
5.796998162684074973e-01 5.680210201127277453e-02 0.000000000000000000e+00
5.788502953257192996e-01 5.684238729808228224e-02 0.000000000000000000e+00
5.780007621712571764e-01 5.688240778735268594e-02 0.000000000000000000e+00
5.771512169440875528e-01 5.692216412746772813e-02 0.000000000000000000e+00
5.763016597832770760e-01 5.696165696681115137e-02 0.000000000000000000e+00
5.754520908278923930e-01 5.700088695376669123e-02 0.000000000000000000e+00
5.746025102108257565e-01 5.703985472181449107e-02 0.000000000000000000e+00
5.737529180277783913e-01 5.707856081466258086e-02 0.000000000000000000e+00
5.729033143605938294e-01 5.711700574256861618e-02 0.000000000000000000e+00
5.720536992910918439e-01 5.715519001573349245e-02 0.000000000000000000e+00
5.712040729010926521e-01 5.719311414435813978e-02 0.000000000000000000e+00
5.703544352724160271e-01 5.723077863864348830e-02 0.000000000000000000e+00
5.695047864868816312e-01 5.726818400879046811e-02 0.000000000000000000e+00
5.686551266263097926e-01 5.730533076499996770e-02 0.000000000000000000e+00
5.678054557725203955e-01 5.734221941747293799e-02 0.000000000000000000e+00
5.669557740073329910e-01 5.737885047641027442e-02 0.000000000000000000e+00
5.661060814125679075e-01 5.741522445201292790e-02 0.000000000000000000e+00
5.652563780700449181e-01 5.745134185448181469e-02 0.000000000000000000e+00
5.644066640615839070e-01 5.748720319401784407e-02 0.000000000000000000e+00
5.635569394690049805e-01 5.752280898082194616e-02 0.000000000000000000e+00
5.627072043741279117e-01 5.755815972509503720e-02 0.000000000000000000e+00
5.618574588587726959e-01 5.759325593703804730e-02 0.000000000000000000e+00
5.610077030047591062e-01 5.762809812685188576e-02 0.000000000000000000e+00
5.601579368939073600e-01 5.766268680473748964e-02 0.000000000000000000e+00
5.593081606080370083e-01 5.769702248089576130e-02 0.000000000000000000e+00
5.584583742289684904e-01 5.773110566552766554e-02 0.000000000000000000e+00
5.576085778385212466e-01 5.776493686883407003e-02 0.000000000000000000e+00
5.567587715185152719e-01 5.779851660101591182e-02 0.000000000000000000e+00
5.559089553507708947e-01 5.783184537227414185e-02 0.000000000000000000e+00
5.550591294171074441e-01 5.786492369280965553e-02 0.000000000000000000e+00
5.542092937993455815e-01 5.789775207282338298e-02 0.000000000000000000e+00
5.533594485793045248e-01 5.793033102251624045e-02 0.000000000000000000e+00
5.525095938388044914e-01 5.796266105208915109e-02 0.000000000000000000e+00
5.516597296596653655e-01 5.799474267174304504e-02 0.000000000000000000e+00
5.508098561237073643e-01 5.802657639167883158e-02 0.000000000000000000e+00
5.499599733127500389e-01 5.805816272209744777e-02 0.000000000000000000e+00
5.491100813086133847e-01 5.808950217319978904e-02 0.000000000000000000e+00
5.482601801931175078e-01 5.812059525518682018e-02 0.000000000000000000e+00
5.474102700480821815e-01 5.815144247825942969e-02 0.000000000000000000e+00
5.465603509553272898e-01 5.818204435261854074e-02 0.000000000000000000e+00
5.457104229966730502e-01 5.821240138846507650e-02 0.000000000000000000e+00
5.448604862539391247e-01 5.824251409599998097e-02 0.000000000000000000e+00
5.440105408089453976e-01 5.827238298542414263e-02 0.000000000000000000e+00
5.431605867435119750e-01 5.830200856693852629e-02 0.000000000000000000e+00
5.423106241394586302e-01 5.833139135074400655e-02 0.000000000000000000e+00
5.414606530786055805e-01 5.836053184704154129e-02 0.000000000000000000e+00
5.406106736427723769e-01 5.838943056603203285e-02 0.000000000000000000e+00
5.397606859137792368e-01 5.841808801791641137e-02 0.000000000000000000e+00
5.389106899734457112e-01 5.844650471289558613e-02 0.000000000000000000e+00
5.380606859035923506e-01 5.847468116117049419e-02 0.000000000000000000e+00
5.372106737860383729e-01 5.850261787294205873e-02 0.000000000000000000e+00
5.363606537026042176e-01 5.853031535841118904e-02 0.000000000000000000e+00
5.355106257351097687e-01 5.855777412777881524e-02 0.000000000000000000e+00
5.346605899653745775e-01 5.858499469124585357e-02 0.000000000000000000e+00
5.338105464752190832e-01 5.861197755901322720e-02 0.000000000000000000e+00
5.329604953464627259e-01 5.863872324128187319e-02 0.000000000000000000e+00
5.321104366609258340e-01 5.866523224825268695e-02 0.000000000000000000e+00
5.312603705004281807e-01 5.869150509012661249e-02 0.000000000000000000e+00
5.304102969467896500e-01 5.871754227710456603e-02 0.000000000000000000e+00
5.295602160818301263e-01 5.874334431938745688e-02 0.000000000000000000e+00
5.287101279873693827e-01 5.876891172717621514e-02 0.000000000000000000e+00
5.278600327452280805e-01 5.879424501067176401e-02 0.000000000000000000e+00
5.270099304372253268e-01 5.881934468007504052e-02 0.000000000000000000e+00
5.261598211451814500e-01 5.884421124558693317e-02 0.000000000000000000e+00
5.253097049509162231e-01 5.886884521740838594e-02 0.000000000000000000e+00
5.244595819362496414e-01 5.889324710574033589e-02 0.000000000000000000e+00
5.236094521830015891e-01 5.891741742078366456e-02 0.000000000000000000e+00
5.227593157729922835e-01 5.894135667273932983e-02 0.000000000000000000e+00
5.219091727880412757e-01 5.896506537180823404e-02 0.000000000000000000e+00
5.210590233099683388e-01 5.898854402819130038e-02 0.000000000000000000e+00
5.202088674205942453e-01 5.901179315208947285e-02 0.000000000000000000e+00
5.193587052017379913e-01 5.903481325370363991e-02 0.000000000000000000e+00
5.185085367352197938e-01 5.905760484323473863e-02 0.000000000000000000e+00
5.176583621028598703e-01 5.908016843088368525e-02 0.000000000000000000e+00
5.168081813864778828e-01 5.910250452685142375e-02 0.000000000000000000e+00
5.159579946678938267e-01 5.912461364133884262e-02 0.000000000000000000e+00
5.151078020289276971e-01 5.914649628454689972e-02 0.000000000000000000e+00
5.142576035513992672e-01 5.916815296667648355e-02 0.000000000000000000e+00
5.134073993171285322e-01 5.918958419792853115e-02 0.000000000000000000e+00
5.125571894079353763e-01 5.921079048850397264e-02 0.000000000000000000e+00
5.117069739056400168e-01 5.923177234860371038e-02 0.000000000000000000e+00
5.108567528920620049e-01 5.925253028842869529e-02 0.000000000000000000e+00
5.100065264490212247e-01 5.927306481817982281e-02 0.000000000000000000e+00
5.091562946583380045e-01 5.929337644805801610e-02 0.000000000000000000e+00
5.083060576018321175e-01 5.931346568826421223e-02 0.000000000000000000e+00
5.074558153613232259e-01 5.933333304899932048e-02 0.000000000000000000e+00
5.066055680186315469e-01 5.935297904046426404e-02 0.000000000000000000e+00
5.057553156555769647e-01 5.937240417285997301e-02 0.000000000000000000e+00
5.049050583539793635e-01 5.939160895638737059e-02 0.000000000000000000e+00
5.040547961956586276e-01 5.941059390124735912e-02 0.000000000000000000e+00
5.032045292624347521e-01 5.942935951764087565e-02 0.000000000000000000e+00
5.023542576361277323e-01 5.944790631576884338e-02 0.000000000000000000e+00
5.015039813985572303e-01 5.946623480583219240e-02 0.000000000000000000e+00
5.006537006315435745e-01 5.948434549803181814e-02 0.000000000000000000e+00
4.998034154169062049e-01 5.950223890256865766e-02 0.000000000000000000e+00
4.989531258354770182e-01 5.951991552114396095e-02 0.000000000000000000e+00
4.981028319515789504e-01 5.953737571352435420e-02 0.000000000000000000e+00
4.972525338158890196e-01 5.955461972214048938e-02 0.000000000000000000e+00
4.964022314786736279e-01 5.957164778589891380e-02 0.000000000000000000e+00
4.955519249901995105e-01 5.958846014370618865e-02 0.000000000000000000e+00
4.947016144007332361e-01 5.960505703446886822e-02 0.000000000000000000e+00
4.938512997605415400e-01 5.962143869709352062e-02 0.000000000000000000e+00
4.930009811198913794e-01 5.963760537048670707e-02 0.000000000000000000e+00
4.921506585290491009e-01 5.965355729355498182e-02 0.000000000000000000e+00
4.913003320382813843e-01 5.966929470520489914e-02 0.000000000000000000e+00
4.904500016978549648e-01 5.968481784434302717e-02 0.000000000000000000e+00
4.895996675580365221e-01 5.970012694987594098e-02 0.000000000000000000e+00
4.887493296690927913e-01 5.971522226071016709e-02 0.000000000000000000e+00
4.878989880812903412e-01 5.973010401575228057e-02 0.000000000000000000e+00
4.870486428448958516e-01 5.974477245390886343e-02 0.000000000000000000e+00
4.861982940101760575e-01 5.975922781408643525e-02 0.000000000000000000e+00
4.853479416273975833e-01 5.977347033519158498e-02 0.000000000000000000e+00
4.844975857468271085e-01 5.978750025613087382e-02 0.000000000000000000e+00
4.836472264187313130e-01 5.980131781581082828e-02 0.000000000000000000e+00
4.827968636933769320e-01 5.981492325313805813e-02 0.000000000000000000e+00
4.819464976210305340e-01 5.982831680701909682e-02 0.000000000000000000e+00
4.810961282519587989e-01 5.984149871636048473e-02 0.000000000000000000e+00
4.802457556364285174e-01 5.985446922006881776e-02 0.000000000000000000e+00
4.793953798247062581e-01 5.986722855705063628e-02 0.000000000000000000e+00
4.785450008670585897e-01 5.987977696621250151e-02 0.000000000000000000e+00
4.776946188137524696e-01 5.989211468646098852e-02 0.000000000000000000e+00
4.768442337150543553e-01 5.990424195670263768e-02 0.000000000000000000e+00
4.759938456212310931e-01 5.991615901584401715e-02 0.000000000000000000e+00
4.751434545825491407e-01 5.992786610279168119e-02 0.000000000000000000e+00
4.742930606492753443e-01 5.993936345645221181e-02 0.000000000000000000e+00
4.734426638716761060e-01 5.995065131573213552e-02 0.000000000000000000e+00
4.725922643000184942e-01 5.996172991953804127e-02 0.000000000000000000e+00
4.717418619845688554e-01 5.997259950677646945e-02 0.000000000000000000e+00
4.708914569755939805e-01 5.998326031635398126e-02 0.000000000000000000e+00
4.700410493233605491e-01 5.999371258717714483e-02 0.000000000000000000e+00
4.691906390781354075e-01 6.000395655815252832e-02 0.000000000000000000e+00
4.683402262901848467e-01 6.001399246818667904e-02 0.000000000000000000e+00
4.674898110097758797e-01 6.002382055618614431e-02 0.000000000000000000e+00
4.666393932871749084e-01 6.003344106105752004e-02 0.000000000000000000e+00
4.657889731726487792e-01 6.004285422170733966e-02 0.000000000000000000e+00
4.649385507164642273e-01 6.005206027704216437e-02 0.000000000000000000e+00
4.640881259688876548e-01 6.006105946596855538e-02 0.000000000000000000e+00
4.632376989801861855e-01 6.006985202739310165e-02 0.000000000000000000e+00
4.623872698006259441e-01 6.007843820022230191e-02 0.000000000000000000e+00
4.615368384804739432e-01 6.008681822336277289e-02 0.000000000000000000e+00
4.606864050699968072e-01 6.009499233572105498e-02 0.000000000000000000e+00
4.598359696194612711e-01 6.010296077620370242e-02 0.000000000000000000e+00
4.589855321791337373e-01 6.011072378371726949e-02 0.000000000000000000e+00
4.581350927992810518e-01 6.011828159716833819e-02 0.000000000000000000e+00
4.572846515301700054e-01 6.012563445546344892e-02 0.000000000000000000e+00
4.564342084220671669e-01 6.013278259750918370e-02 0.000000000000000000e+00
4.555837635252392159e-01 6.013972626221208290e-02 0.000000000000000000e+00
4.547333168899527767e-01 6.014646568847870078e-02 0.000000000000000000e+00
4.538828685664743623e-01 6.015300111521561244e-02 0.000000000000000000e+00
4.530324186050710411e-01 6.015933278132937212e-02 0.000000000000000000e+00
4.521819670560093818e-01 6.016546092572655491e-02 0.000000000000000000e+00
4.513315139695558420e-01 6.017138578731370813e-02 0.000000000000000000e+00
4.504810593959771015e-01 6.017710760499736522e-02 0.000000000000000000e+00
4.496306033855401174e-01 6.018262661768413596e-02 0.000000000000000000e+00
4.487801459885114030e-01 6.018794306428055380e-02 0.000000000000000000e+00
4.479296872551575270e-01 6.019305718369318686e-02 0.000000000000000000e+00
4.470792272357451691e-01 6.019796921482857555e-02 0.000000000000000000e+00
4.462287659805411200e-01 6.020267939659328799e-02 0.000000000000000000e+00
4.453783035398121704e-01 6.020718796789392008e-02 0.000000000000000000e+00
4.445278399638246114e-01 6.021149516763697057e-02 0.000000000000000000e+00
4.436773753028455669e-01 6.021560123472906312e-02 0.000000000000000000e+00
4.428269096071413280e-01 6.021950640807670341e-02 0.000000000000000000e+00
4.419764429269787409e-01 6.022321092658647346e-02 0.000000000000000000e+00
4.411259753126244298e-01 6.022671502916492059e-02 0.000000000000000000e+00
4.402755068143452410e-01 6.023001895471865458e-02 0.000000000000000000e+00
4.394250374824074656e-01 6.023312294215417417e-02 0.000000000000000000e+00
4.385745673670781719e-01 6.023602723037806139e-02 0.000000000000000000e+00
4.377240965186239285e-01 6.023873205829688438e-02 0.000000000000000000e+00
4.368736249873112487e-01 6.024123766481720432e-02 0.000000000000000000e+00
4.360231528234069232e-01 6.024354428884556162e-02 0.000000000000000000e+00
4.351726800771775761e-01 6.024565216928853134e-02 0.000000000000000000e+00
4.343222067988900537e-01 6.024756154505268163e-02 0.000000000000000000e+00
4.334717330388108136e-01 6.024927265504455287e-02 0.000000000000000000e+00
4.326212588472064247e-01 6.025078573817070626e-02 0.000000000000000000e+00
4.317707842743439550e-01 6.025210103333772382e-02 0.000000000000000000e+00
4.309203093704897514e-01 6.025321877945214594e-02 0.000000000000000000e+00
4.300698341859107154e-01 6.025413921542054074e-02 0.000000000000000000e+00
4.292193587708732494e-01 6.025486258014945556e-02 0.000000000000000000e+00
4.283688831756443105e-01 6.025538911254547936e-02 0.000000000000000000e+00
4.275184074504903009e-01 6.025571905151513863e-02 0.000000000000000000e+00
4.266679316456781779e-01 6.025585263596501540e-02 0.000000000000000000e+00
4.258174558114743991e-01 6.025579010480165698e-02 0.000000000000000000e+00
4.249669799981456442e-01 6.025553169693162459e-02 0.000000000000000000e+00
4.241165042559587040e-01 6.025507765126147941e-02 0.000000000000000000e+00
4.232660286351801471e-01 6.025442820669780347e-02 0.000000000000000000e+00
4.224155531860767088e-01 6.025358360214711634e-02 0.000000000000000000e+00
4.215650779589149577e-01 6.025254407651599309e-02 0.000000000000000000e+00
4.207146030039617957e-01 6.025130986871102268e-02 0.000000000000000000e+00
4.198641283714618089e-01 6.024988120452237639e-02 0.000000000000000000e+00
4.190136541112803314e-01 6.024825808418801665e-02 0.000000000000000000e+00
4.181631802729646186e-01 6.024644031799725186e-02 0.000000000000000000e+00
4.173127069060513228e-01 6.024442771030967536e-02 0.000000000000000000e+00
4.164622340600769301e-01 6.024222006548482500e-02 0.000000000000000000e+00
4.156117617845783707e-01 6.023981718788229411e-02 0.000000000000000000e+00
4.147612901290922416e-01 6.023721888186166912e-02 0.000000000000000000e+00
4.139108191431555284e-01 6.023442495178252254e-02 0.000000000000000000e+00
4.130603488763048836e-01 6.023143520200439915e-02 0.000000000000000000e+00
4.122098793780769599e-01 6.022824943688690619e-02 0.000000000000000000e+00
4.113594106980086318e-01 6.022486746078960923e-02 0.000000000000000000e+00
4.105089428856363298e-01 6.022128907807207387e-02 0.000000000000000000e+00
4.096584759904973172e-01 6.021751409309388653e-02 0.000000000000000000e+00
4.088080100621279689e-01 6.021354231021461972e-02 0.000000000000000000e+00
4.079575451500651595e-01 6.020937353379384599e-02 0.000000000000000000e+00
4.071070813038455971e-01 6.020500756819114480e-02 0.000000000000000000e+00
4.062566185730059343e-01 6.020044421776608173e-02 0.000000000000000000e+00
4.054061570070831566e-01 6.019568328687824321e-02 0.000000000000000000e+00
4.045556966556138612e-01 6.019072457988719482e-02 0.000000000000000000e+00
4.037052375681348115e-01 6.018556790115252297e-02 0.000000000000000000e+00
4.028547797941825492e-01 6.018021305503377938e-02 0.000000000000000000e+00
4.020043233832942819e-01 6.017465984589056432e-02 0.000000000000000000e+00
4.011538683850064402e-01 6.016890807808243646e-02 0.000000000000000000e+00
4.003034148488557320e-01 6.016295755596898220e-02 0.000000000000000000e+00
3.994529628243789765e-01 6.015680808390976020e-02 0.000000000000000000e+00
3.986025123611129928e-01 6.015045946626437073e-02 0.000000000000000000e+00
3.977520635085944334e-01 6.014391150739235858e-02 0.000000000000000000e+00
3.969016163163600619e-01 6.013716401165331710e-02 0.000000000000000000e+00
3.960511708339467529e-01 6.013021678340682574e-02 0.000000000000000000e+00
3.952007271108910480e-01 6.012306962701243623e-02 0.000000000000000000e+00
3.943502851967297107e-01 6.011572234682974886e-02 0.000000000000000000e+00
3.934998451409997267e-01 6.010817474721832920e-02 0.000000000000000000e+00
3.926494069932375819e-01 6.010042663253774287e-02 0.000000000000000000e+00
3.917989708029802065e-01 6.009247780714758319e-02 0.000000000000000000e+00
3.909485366197641976e-01 6.008432807540740189e-02 0.000000000000000000e+00
3.900981044931262631e-01 6.007597724167679232e-02 0.000000000000000000e+00
3.892476744726033333e-01 6.006742511031533394e-02 0.000000000000000000e+00
3.883972466077320607e-01 6.005867148568257152e-02 0.000000000000000000e+00
3.875468209480492643e-01 6.004971617213811230e-02 0.000000000000000000e+00
3.866963975430914857e-01 6.004055897404150799e-02 0.000000000000000000e+00
3.858459764423957106e-01 6.003119969575236581e-02 0.000000000000000000e+00
3.849955576954985914e-01 6.002163814163022360e-02 0.000000000000000000e+00
3.841451413519367808e-01 6.001187411603465388e-02 0.000000000000000000e+00
3.832947274612470978e-01 6.000190742332525001e-02 0.000000000000000000e+00
3.824443160729664171e-01 5.999173786786161922e-02 0.000000000000000000e+00
3.815939072366312801e-01 5.998136525400328545e-02 0.000000000000000000e+00
3.807435010017786170e-01 5.997078938610984900e-02 0.000000000000000000e+00
3.798930974179449138e-01 5.996001006854085463e-02 0.000000000000000000e+00
3.790426965346672117e-01 5.994902710565591653e-02 0.000000000000000000e+00
3.781922984014821076e-01 5.993784030181458639e-02 0.000000000000000000e+00
3.773419030679262542e-01 5.992644946137644368e-02 0.000000000000000000e+00
3.764915105835365261e-01 5.991485438870107483e-02 0.000000000000000000e+00
3.756411209978497423e-01 5.990305488814803847e-02 0.000000000000000000e+00
3.747907343604024444e-01 5.989105076407690020e-02 0.000000000000000000e+00
3.739403507207316180e-01 5.987884182084726725e-02 0.000000000000000000e+00
3.730899701283737491e-01 5.986642786281869133e-02 0.000000000000000000e+00
3.722395926328657123e-01 5.985380869435074497e-02 0.000000000000000000e+00
3.713892182837443823e-01 5.984098411980302845e-02 0.000000000000000000e+00
3.705388471305462450e-01 5.982795394353507962e-02 0.000000000000000000e+00
3.696884792228082861e-01 5.981471796990649875e-02 0.000000000000000000e+00
3.688381146100670471e-01 5.980127600327687226e-02 0.000000000000000000e+00
3.679877533418594027e-01 5.978762784800574492e-02 0.000000000000000000e+00
3.671373954677221718e-01 5.977377330845269621e-02 0.000000000000000000e+00
3.662870410371918406e-01 5.975971218897732640e-02 0.000000000000000000e+00
3.654366900998053946e-01 5.974544429393918721e-02 0.000000000000000000e+00
3.645863427050994310e-01 5.973096942769785117e-02 0.000000000000000000e+00
3.637359989026107687e-01 5.971628739461290469e-02 0.000000000000000000e+00
3.628856587418762270e-01 5.970139799904392031e-02 0.000000000000000000e+00
3.620353222724324582e-01 5.968630104535047748e-02 0.000000000000000000e+00
3.611849895438161151e-01 5.967099633789213486e-02 0.000000000000000000e+00
3.603346606055639612e-01 5.965548368102847887e-02 0.000000000000000000e+00
3.594843355072129820e-01 5.963976287911908203e-02 0.000000000000000000e+00
3.586340142982998302e-01 5.962383373652353075e-02 0.000000000000000000e+00
3.577836970283610474e-01 5.960769605760138368e-02 0.000000000000000000e+00
3.569333837469336190e-01 5.959134964671222029e-02 0.000000000000000000e+00
3.560830745035540867e-01 5.957479430821562005e-02 0.000000000000000000e+00
3.552327693477593806e-01 5.955802984647114856e-02 0.000000000000000000e+00
3.543824683290861532e-01 5.954105606583839916e-02 0.000000000000000000e+00
3.535321714970712237e-01 5.952387277067692356e-02 0.000000000000000000e+00
3.526818789012512445e-01 5.950647976534630818e-02 0.000000000000000000e+00
3.518315905911629238e-01 5.948887685420611859e-02 0.000000000000000000e+00
3.509813066163431361e-01 5.947106384161595510e-02 0.000000000000000000e+00
3.501310270263285895e-01 5.945304053193536942e-02 0.000000000000000000e+00
3.492807518706559367e-01 5.943480672952394100e-02 0.000000000000000000e+00
3.484304811988620521e-01 5.941636223874124240e-02 0.000000000000000000e+00
3.475802150604835883e-01 5.939770686394685306e-02 0.000000000000000000e+00
3.467299535050574200e-01 5.937884040950035247e-02 0.000000000000000000e+00
3.458796965821201441e-01 5.935976267976129928e-02 0.000000000000000000e+00
3.450294443412085799e-01 5.934047347908930070e-02 0.000000000000000000e+00
3.441791968318594352e-01 5.932097261184388765e-02 0.000000000000000000e+00
3.433289541036094739e-01 5.930125988238466039e-02 0.000000000000000000e+00
3.424787162059954593e-01 5.928133509507119148e-02 0.000000000000000000e+00
3.416284831885542106e-01 5.926119805426306730e-02 0.000000000000000000e+00
3.407782551008862737e-01 5.924084856531631332e-02 0.000000000000000000e+00
3.399280319959904206e-01 5.922028648644555443e-02 0.000000000000000000e+00
3.390778139318909035e-01 5.919951175404192939e-02 0.000000000000000000e+00
3.382276009670163730e-01 5.917852431080092290e-02 0.000000000000000000e+00
3.373773931597963127e-01 5.915732409941812375e-02 0.000000000000000000e+00
3.365271905686598730e-01 5.913591106258903746e-02 0.000000000000000000e+00
3.356769932520360933e-01 5.911428514300921810e-02 0.000000000000000000e+00
3.348268012683544570e-01 5.909244628337421285e-02 0.000000000000000000e+00
3.339766146760438370e-01 5.907039442637953414e-02 0.000000000000000000e+00
3.331264335335336613e-01 5.904812951472076382e-02 0.000000000000000000e+00
3.322762578992529692e-01 5.902565149109337966e-02 0.000000000000000000e+00
3.314260878316309666e-01 5.900296029819299820e-02 0.000000000000000000e+00
3.305759233890970261e-01 5.898005587871511107e-02 0.000000000000000000e+00
3.297257646300800205e-01 5.895693817535525155e-02 0.000000000000000000e+00
3.288756116130093776e-01 5.893360713080898067e-02 0.000000000000000000e+00
3.280254643963141925e-01 5.891006268777183863e-02 0.000000000000000000e+00
3.271753230384235045e-01 5.888630478893935177e-02 0.000000000000000000e+00
3.263251875977667971e-01 5.886233337700706031e-02 0.000000000000000000e+00
3.254750581327731651e-01 5.883814839467052527e-02 0.000000000000000000e+00
3.246249347018717035e-01 5.881374978462525910e-02 0.000000000000000000e+00
3.237748173634915627e-01 5.878913748956682284e-02 0.000000000000000000e+00
3.229247061760620596e-01 5.876431145219074281e-02 0.000000000000000000e+00
3.220746011980123447e-01 5.873927161519255924e-02 0.000000000000000000e+00
3.212245024877716237e-01 5.871401792126782621e-02 0.000000000000000000e+00
3.203744101037690473e-01 5.868855031311206311e-02 0.000000000000000000e+00
3.195243241044337656e-01 5.866286873342081015e-02 0.000000000000000000e+00
3.186742445481949848e-01 5.863697312488962143e-02 0.000000000000000000e+00
3.178241714934819107e-01 5.861086343021404410e-02 0.000000000000000000e+00
3.169741049987236936e-01 5.858453959208958367e-02 0.000000000000000000e+00
3.161240451223497616e-01 5.855800155321181505e-02 0.000000000000000000e+00
3.152739919227888765e-01 5.853124925627625763e-02 0.000000000000000000e+00
3.144239454584705773e-01 5.850428264397846551e-02 0.000000000000000000e+00
3.135739057878237923e-01 5.847710165901395807e-02 0.000000000000000000e+00
3.127238729692780050e-01 5.844970624407830329e-02 0.000000000000000000e+00
3.118738470612620883e-01 5.842209634186700667e-02 0.000000000000000000e+00
3.110238281222054701e-01 5.839427189507562926e-02 0.000000000000000000e+00
3.101738162105371344e-01 5.836623284639971126e-02 0.000000000000000000e+00
3.093238113846864534e-01 5.833797913853478595e-02 0.000000000000000000e+00
3.084738137030825778e-01 5.830951071417640047e-02 0.000000000000000000e+00
3.076238232241546577e-01 5.828082751602008810e-02 0.000000000000000000e+00
3.067738400063317328e-01 5.825192948676138210e-02 0.000000000000000000e+00
3.059238641080431753e-01 5.822281656909582964e-02 0.000000000000000000e+00
3.050738955877181913e-01 5.819348870571897092e-02 0.000000000000000000e+00
3.042239345037858755e-01 5.816394583932635309e-02 0.000000000000000000e+00
3.033739809146754896e-01 5.813418791261349555e-02 0.000000000000000000e+00
3.025240348788161837e-01 5.810421486827595933e-02 0.000000000000000000e+00
3.016740964546370529e-01 5.807402664900927075e-02 0.000000000000000000e+00
3.008241657005673586e-01 5.804362319750897697e-02 0.000000000000000000e+00
2.999742426750364177e-01 5.801300445647062515e-02 0.000000000000000000e+00
2.991243274364731586e-01 5.798217036858972773e-02 0.000000000000000000e+00
2.982744200433068982e-01 5.795112087656183880e-02 0.000000000000000000e+00
2.974245205539668979e-01 5.791985592308249858e-02 0.000000000000000000e+00
2.965746290268823082e-01 5.788837545084726116e-02 0.000000000000000000e+00
2.957247455204822795e-01 5.785667940255165287e-02 0.000000000000000000e+00
2.948748700931960176e-01 5.782476772089120698e-02 0.000000000000000000e+00
2.940250028034525620e-01 5.779264034856147064e-02 0.000000000000000000e+00
2.931751437096813406e-01 5.776029722825797713e-02 0.000000000000000000e+00
2.923252928703113929e-01 5.772773830267627360e-02 0.000000000000000000e+00
2.914754503437720357e-01 5.769496351451191413e-02 0.000000000000000000e+00
2.906256161884923084e-01 5.766197280646041812e-02 0.000000000000000000e+00
2.897757904629014170e-01 5.762876612121731190e-02 0.000000000000000000e+00
2.889259732254285673e-01 5.759534340147816345e-02 0.000000000000000000e+00
2.880761645345030209e-01 5.756170458993850603e-02 0.000000000000000000e+00
2.872263644485539835e-01 5.752784962929386597e-02 0.000000000000000000e+00
2.863765730260104392e-01 5.749377846223979738e-02 0.000000000000000000e+00
2.855267903253016493e-01 5.745949103147181963e-02 0.000000000000000000e+00
2.846770164048569862e-01 5.742498727968549377e-02 0.000000000000000000e+00
2.838272513231054894e-01 5.739026714957637387e-02 0.000000000000000000e+00
2.829774951384763093e-01 5.735533058383995852e-02 0.000000000000000000e+00
2.821277479093987628e-01 5.732017752517181569e-02 0.000000000000000000e+00
2.812780096943018338e-01 5.728480791626746477e-02 0.000000000000000000e+00
2.804282805516148946e-01 5.724922169982245984e-02 0.000000000000000000e+00
2.795785605397671514e-01 5.721341881853234806e-02 0.000000000000000000e+00
2.787288497171876434e-01 5.717739921509264883e-02 0.000000000000000000e+00
2.778791481423056875e-01 5.714116283219893011e-02 0.000000000000000000e+00
2.770294558735502122e-01 5.710470961254668354e-02 0.000000000000000000e+00
2.761797729693508119e-01 5.706803949883151872e-02 0.000000000000000000e+00
2.753300994881364150e-01 5.703115243374889259e-02 0.000000000000000000e+00
2.744804354883362274e-01 5.699404835999442170e-02 0.000000000000000000e+00
2.736307810283794550e-01 5.695672722026359769e-02 0.000000000000000000e+00
2.727811361666952483e-01 5.691918895725196770e-02 0.000000000000000000e+00
2.719315009617128687e-01 5.688143351365508582e-02 0.000000000000000000e+00
2.710818754718614665e-01 5.684346083216847145e-02 0.000000000000000000e+00
2.702322597555703587e-01 5.680527085548769256e-02 0.000000000000000000e+00
2.693826538712684737e-01 5.676686352630826854e-02 0.000000000000000000e+00
2.685330578773850729e-01 5.672823878732574654e-02 0.000000000000000000e+00
2.676834718323495288e-01 5.668939658123565983e-02 0.000000000000000000e+00
2.668338957945908807e-01 5.665033685073354863e-02 0.000000000000000000e+00
2.659843298225406105e-01 5.661105953847431205e-02 0.000000000000000000e+00
2.651347740197635416e-01 5.657156375693586647e-02 0.000000000000000000e+00
2.642852286509520532e-01 5.653184565484629248e-02 0.000000000000000000e+00
2.634356940167408290e-01 5.649190071982580080e-02 0.000000000000000000e+00
2.625861704177641087e-01 5.645172443949461605e-02 0.000000000000000000e+00
2.617366581546563542e-01 5.641131230147293507e-02 0.000000000000000000e+00
2.608871575280519717e-01 5.637065979338101024e-02 0.000000000000000000e+00
2.600376688385851454e-01 5.632976240283902453e-02 0.000000000000000000e+00
2.591881923868906146e-01 5.628861561746725112e-02 0.000000000000000000e+00
2.583387284736024525e-01 5.624721492488585217e-02 0.000000000000000000e+00
2.574892773993553430e-01 5.620555581271508006e-02 0.000000000000000000e+00
2.566398394647834147e-01 5.616363376857512468e-02 0.000000000000000000e+00
2.557904149705211849e-01 5.612144428008624536e-02 0.000000000000000000e+00
2.549410042172031154e-01 5.607898283486861812e-02 0.000000000000000000e+00
2.540916075054635570e-01 5.603624492054248840e-02 0.000000000000000000e+00
2.532422251359369159e-01 5.599322602472807386e-02 0.000000000000000000e+00
2.523928574092575428e-01 5.594992163504558524e-02 0.000000000000000000e+00
2.515435046260597884e-01 5.590632723911522634e-02 0.000000000000000000e+00
2.506941670869780592e-01 5.586243832455723562e-02 0.000000000000000000e+00
2.498448450926469555e-01 5.581825037899184466e-02 0.000000000000000000e+00
2.489955389437007172e-01 5.577375889003924336e-02 0.000000000000000000e+00
2.481462489407737226e-01 5.572895934531967022e-02 0.000000000000000000e+00
2.472969753845002672e-01 5.568384723245331513e-02 0.000000000000000000e+00
2.464477185755149791e-01 5.563841803906043049e-02 0.000000000000000000e+00
2.455984788144521813e-01 5.559266725276121313e-02 0.000000000000000000e+00
2.447492564019461969e-01 5.554659036117591542e-02 0.000000000000000000e+00
2.439000516386314044e-01 5.550018285192470646e-02 0.000000000000000000e+00
2.430508648251423209e-01 5.545344021262783862e-02 0.000000000000000000e+00
2.422016962621133251e-01 5.540635793090552957e-02 0.000000000000000000e+00
2.413525462501787400e-01 5.535893149437798311e-02 0.000000000000000000e+00
2.405034150899729717e-01 5.531115639066542383e-02 0.000000000000000000e+00
2.396543030919350281e-01 5.526302803694593119e-02 0.000000000000000000e+00
2.388052108010604302e-01 5.521454016521119834e-02 0.000000000000000000e+00
2.379561390020414891e-01 5.516568478533399184e-02 0.000000000000000000e+00
2.371070884904034892e-01 5.511645382935737025e-02 0.000000000000000000e+00
2.362580600616717152e-01 5.506683922932441994e-02 0.000000000000000000e+00
2.354090545113711463e-01 5.501683291727821334e-02 0.000000000000000000e+00
2.345600726350274556e-01 5.496642682526184376e-02 0.000000000000000000e+00
2.337111152281656501e-01 5.491561288531837670e-02 0.000000000000000000e+00
2.328621830863109865e-01 5.486438302949089851e-02 0.000000000000000000e+00
2.320132770049888049e-01 5.481272918982248166e-02 0.000000000000000000e+00
2.311643977797241678e-01 5.476064329835620553e-02 0.000000000000000000e+00
2.303155462060425818e-01 5.470811728713513566e-02 0.000000000000000000e+00
2.294667230794691648e-01 5.465514308820235839e-02 0.000000000000000000e+00
2.286179291955292292e-01 5.460171263360096700e-02 0.000000000000000000e+00
2.277691653497479762e-01 5.454781785537402700e-02 0.000000000000000000e+00
2.269204323376505794e-01 5.449345068556459004e-02 0.000000000000000000e+00
2.260717309547624343e-01 5.443860305621576329e-02 0.000000000000000000e+00
2.252230619966087977e-01 5.438326689937063307e-02 0.000000000000000000e+00
2.243744262587148430e-01 5.432743414707225799e-02 0.000000000000000000e+00
2.235258245366058549e-01 5.427109673136371742e-02 0.000000000000000000e+00
2.226772576258069791e-01 5.421424658428808385e-02 0.000000000000000000e+00
2.218287263218436667e-01 5.415687563788844361e-02 0.000000000000000000e+00
2.209802314202410078e-01 5.409897582420786916e-02 0.000000000000000000e+00
2.201317737165244259e-01 5.404053907528946071e-02 0.000000000000000000e+00
2.192833540062190112e-01 5.398155732317626992e-02 0.000000000000000000e+00
2.184349730848499371e-01 5.392202249991136925e-02 0.000000000000000000e+00
2.175866317479427381e-01 5.386192653753785198e-02 0.000000000000000000e+00
2.167383307910224766e-01 5.380126136809879750e-02 0.000000000000000000e+00
2.158900710096144648e-01 5.374001892363727828e-02 0.000000000000000000e+00
2.150418531992439042e-01 5.367819113619635985e-02 0.000000000000000000e+00
2.141936781554329983e-01 5.361576993788784440e-02 0.000000000000000000e+00
2.133455466039800574e-01 5.355274887529309219e-02 0.000000000000000000e+00
2.124974590204292690e-01 5.348912728962450236e-02 0.000000000000000000e+00
2.116494158242006318e-01 5.342490582165783375e-02 0.000000000000000000e+00
2.108014174347142278e-01 5.336008511216892847e-02 0.000000000000000000e+00
2.099534642713899169e-01 5.329466580193355230e-02 0.000000000000000000e+00
2.091055567536480031e-01 5.322864853172750571e-02 0.000000000000000000e+00
2.082576953009083742e-01 5.316203394232660306e-02 0.000000000000000000e+00
2.074098803325910290e-01 5.309482267450660320e-02 0.000000000000000000e+00
2.065621122681159938e-01 5.302701536904333435e-02 0.000000000000000000e+00
2.057143915269032397e-01 5.295861266671256229e-02 0.000000000000000000e+00
2.048667185283729042e-01 5.288961520829010138e-02 0.000000000000000000e+00
2.040190936919450138e-01 5.282002363455175903e-02 0.000000000000000000e+00
2.031715174370394561e-01 5.274983858627330796e-02 0.000000000000000000e+00
2.023239901830763687e-01 5.267906070423054171e-02 0.000000000000000000e+00
2.014765123494755839e-01 5.260769062919925382e-02 0.000000000000000000e+00
2.006290843556573500e-01 5.253572900195525863e-02 0.000000000000000000e+00
1.997817066210416381e-01 5.246317646327434969e-02 0.000000000000000000e+00
1.989343795650483915e-01 5.239003365393230666e-02 0.000000000000000000e+00
1.980871036070976920e-01 5.231630121470491612e-02 0.000000000000000000e+00
1.972398791666094275e-01 5.224197978636799244e-02 0.000000000000000000e+00
1.963927066630038187e-01 5.216707000969732916e-02 0.000000000000000000e+00
1.955455865157008088e-01 5.209157252546871286e-02 0.000000000000000000e+00
1.946985191441203966e-01 5.201548797445794403e-02 0.000000000000000000e+00
1.938515049676825808e-01 5.193881699744082314e-02 0.000000000000000000e+00
1.930045444058073323e-01 5.186156023519311598e-02 0.000000000000000000e+00
1.921576378779148442e-01 5.178371832849065770e-02 0.000000000000000000e+00
1.913107858034250597e-01 5.170529191810922798e-02 0.000000000000000000e+00
1.904639886017579498e-01 5.162628164482460646e-02 0.000000000000000000e+00
1.896172466923334021e-01 5.154668814941259364e-02 0.000000000000000000e+00
1.887705604945717763e-01 5.146651207264898997e-02 0.000000000000000000e+00
1.879239304278929323e-01 5.138575405530961676e-02 0.000000000000000000e+00
1.870773568682311538e-01 5.130441500738558425e-02 0.000000000000000000e+00
1.862308398447713453e-01 5.122249798556169353e-02 0.000000000000000000e+00
1.853843792207726382e-01 5.114000707375085386e-02 0.000000000000000000e+00
1.845379748584582702e-01 5.105694636228136352e-02 0.000000000000000000e+00
1.836916266200512848e-01 5.097331994148148610e-02 0.000000000000000000e+00
1.828453343677748089e-01 5.088913190167951295e-02 0.000000000000000000e+00
1.819990979638517192e-01 5.080438633320371461e-02 0.000000000000000000e+00
1.811529172705052537e-01 5.071908732638237549e-02 0.000000000000000000e+00
1.803067921499585669e-01 5.063323897154379388e-02 0.000000000000000000e+00
1.794607224644346188e-01 5.054684535901625420e-02 0.000000000000000000e+00
1.786147080761564254e-01 5.045991057912800615e-02 0.000000000000000000e+00
1.777687488473472244e-01 5.037243872220736191e-02 0.000000000000000000e+00
1.769228446402298927e-01 5.028443387858258506e-02 0.000000000000000000e+00
1.760769953170276958e-01 5.019590013858196698e-02 0.000000000000000000e+00
1.752312007399636773e-01 5.010684159253381287e-02 0.000000000000000000e+00
1.743854607712608529e-01 5.001726233076637246e-02 0.000000000000000000e+00
1.735397752731423215e-01 4.992716644360793016e-02 0.000000000000000000e+00
1.726941441078310713e-01 4.983655802138676344e-02 0.000000000000000000e+00
1.718485671375503121e-01 4.974544115443117753e-02 0.000000000000000000e+00
1.710030442245231153e-01 4.965381993306944297e-02 0.000000000000000000e+00
1.701575752309725520e-01 4.956169844762985804e-02 0.000000000000000000e+00
1.693121600191216380e-01 4.946908078844067941e-02 0.000000000000000000e+00
1.684667984511933614e-01 4.937597104583018454e-02 0.000000000000000000e+00
1.676214903894109876e-01 4.928237331012667866e-02 0.000000000000000000e+00
1.667762356959975600e-01 4.918829167165843924e-02 0.000000000000000000e+00
1.659310342331761501e-01 4.909373022075375764e-02 0.000000000000000000e+00
1.650858858631697179e-01 4.899869304774089052e-02 0.000000000000000000e+00
1.642407904482013903e-01 4.890318424294812921e-02 0.000000000000000000e+00
1.633957478504943217e-01 4.880720789670375814e-02 0.000000000000000000e+00
1.625507579322716389e-01 4.871076809933608948e-02 0.000000000000000000e+00
1.617058205557562189e-01 4.861386894117336599e-02 0.000000000000000000e+00
1.608609355842944844e-01 4.851651450248121306e-02 0.000000000000000000e+00
1.600161031348219798e-01 4.841870659164906193e-02 0.000000000000000000e+00
1.591713238978588185e-01 4.832044187839720784e-02 0.000000000000000000e+00
1.583265986427566663e-01 4.822171632620011333e-02 0.000000000000000000e+00
1.574819281388672720e-01 4.812252589853229651e-02 0.000000000000000000e+00
1.566373131555424958e-01 4.802286655886828237e-02 0.000000000000000000e+00
1.557927544621340865e-01 4.792273427068257513e-02 0.000000000000000000e+00
1.549482528279939597e-01 4.782212499744970674e-02 0.000000000000000000e+00
1.541038090224738366e-01 4.772103470264417446e-02 0.000000000000000000e+00
1.532594238149255494e-01 4.761945934974050332e-02 0.000000000000000000e+00
1.524150979747009027e-01 4.751739490221321832e-02 0.000000000000000000e+00
1.515708322711515899e-01 4.741483732353680286e-02 0.000000000000000000e+00
1.507266274736296097e-01 4.731178257718580277e-02 0.000000000000000000e+00
1.498824843514866278e-01 4.720822662663472918e-02 0.000000000000000000e+00
1.490384036740745044e-01 4.710416543535808631e-02 0.000000000000000000e+00
1.481943862107450161e-01 4.699959496683038529e-02 0.000000000000000000e+00
1.473504327308499395e-01 4.689451118452615808e-02 0.000000000000000000e+00
1.465065440037411348e-01 4.678891005191990887e-02 0.000000000000000000e+00
1.456627207987704342e-01 4.668278753248615576e-02 0.000000000000000000e+00
1.448189638354886732e-01 4.657613999016183698e-02 0.000000000000000000e+00
1.439752722173101573e-01 4.646897678466995613e-02 0.000000000000000000e+00
1.431316431165430836e-01 4.636132280427351926e-02 0.000000000000000000e+00
1.422880735920744322e-01 4.625320384928829215e-02 0.000000000000000000e+00
1.414445607027907392e-01 4.614464572003002668e-02 0.000000000000000000e+00
1.406011015075788462e-01 4.603567421681446087e-02 0.000000000000000000e+00
1.397576930653253446e-01 4.592631513995735354e-02 0.000000000000000000e+00
1.389143324349171316e-01 4.581659428977447046e-02 0.000000000000000000e+00
1.380710166752409929e-01 4.570653746658157740e-02 0.000000000000000000e+00
1.372277428451835479e-01 4.559617047069440543e-02 0.000000000000000000e+00
1.363845080036315272e-01 4.548551910242871338e-02 0.000000000000000000e+00
1.355413092094716332e-01 4.537460916210026701e-02 0.000000000000000000e+00
1.346981435215908185e-01 4.526346645002481822e-02 0.000000000000000000e+00
1.338550079988757024e-01 4.515211676651813277e-02 0.000000000000000000e+00
1.330118997002129877e-01 4.504058591189594174e-02 0.000000000000000000e+00
1.321688156844894602e-01 4.492889968647403170e-02 0.000000000000000000e+00
1.313257530105917670e-01 4.481708389056811986e-02 0.000000000000000000e+00
1.304827087375066141e-01 4.470516432368577819e-02 0.000000000000000000e+00
1.296396835096230993e-01 4.459313775563236021e-02 0.000000000000000000e+00
1.287966910306986013e-01 4.448089521925314982e-02 0.000000000000000000e+00
1.279537479769672081e-01 4.436830368032963767e-02 0.000000000000000000e+00
1.271108710246628415e-01 4.425523010464332135e-02 0.000000000000000000e+00
1.262680768500197281e-01 4.414154145797567763e-02 0.000000000000000000e+00
1.254253821292719284e-01 4.402710470610821797e-02 0.000000000000000000e+00
1.245828035386534749e-01 4.391178681482241913e-02 0.000000000000000000e+00
1.237403577543984001e-01 4.379545474989978565e-02 0.000000000000000000e+00
1.228980614527407089e-01 4.367797547712178041e-02 0.000000000000000000e+00
1.220559313099146281e-01 4.355921596226992182e-02 0.000000000000000000e+00
1.212139840021541626e-01 4.343904317112569358e-02 0.000000000000000000e+00
1.203722362056933171e-01 4.331732406947058633e-02 0.000000000000000000e+00
1.195307045967662352e-01 4.319392562308609768e-02 0.000000000000000000e+00
1.186894058516067968e-01 4.306871479775367662e-02 0.000000000000000000e+00
1.178483566464493260e-01 4.294155855925488319e-02 0.000000000000000000e+00
1.170075736959788337e-01 4.281232377138369932e-02 0.000000000000000000e+00
1.161670917693935073e-01 4.268082941018998266e-02 0.000000000000000000e+00
1.153269924270207830e-01 4.254677034305234112e-02 0.000000000000000000e+00
1.144873647100531910e-01 4.240982159512171612e-02 0.000000000000000000e+00
1.136482976596836364e-01 4.226965819154909071e-02 0.000000000000000000e+00
1.128098803171046355e-01 4.212595515748541325e-02 0.000000000000000000e+00
1.119722017235087880e-01 4.197838751808163210e-02 0.000000000000000000e+00
1.111353509200887907e-01 4.182663029848872338e-02 0.000000000000000000e+00
1.102994169480372294e-01 4.167035852385762157e-02 0.000000000000000000e+00
1.094644888485468426e-01 4.150924721933929584e-02 0.000000000000000000e+00
1.086306556628102160e-01 4.134297141008472232e-02 0.000000000000000000e+00
1.077980064320200743e-01 4.117120612124483547e-02 0.000000000000000000e+00
1.069666301973689615e-01 4.099362637797059755e-02 0.000000000000000000e+00
1.061366160000494774e-01 4.080990720541294997e-02 0.000000000000000000e+00
1.053080528812544575e-01 4.061972362872288966e-02 0.000000000000000000e+00
1.044810298821764460e-01 4.042275067305135805e-02 0.000000000000000000e+00
1.036556325210236801e-01 4.021868711316575057e-02 0.000000000000000000e+00
1.028319008947607138e-01 4.000753792363608008e-02 0.000000000000000000e+00
1.020098435258033620e-01 3.978952093362919662e-02 0.000000000000000000e+00
1.011894682982249355e-01 3.956485827559413221e-02 0.000000000000000000e+00
1.003707830960985370e-01 3.933377208197985642e-02 0.000000000000000000e+00
9.955379580349732471e-02 3.909648448523536657e-02 0.000000000000000000e+00
9.873851430449449851e-02 3.885321761780965999e-02 0.000000000000000000e+00
9.792494648316307781e-02 3.860419361215169237e-02 0.000000000000000000e+00
9.711310022357648453e-02 3.834963460071051655e-02 0.000000000000000000e+00
9.630298340980773808e-02 3.808976271593510904e-02 0.000000000000000000e+00
9.549460392460179525e-02 3.782480007892954910e-02 0.000000000000000000e+00
9.468796583098000597e-02 3.755493618482686619e-02 0.000000000000000000e+00
9.388306099802175286e-02 3.728025637483676352e-02 0.000000000000000000e+00
9.307987886674591593e-02 3.700082525101389130e-02 0.000000000000000000e+00
9.227840887817095883e-02 3.671670741541281646e-02 0.000000000000000000e+00
9.147864047331566439e-02 3.642796747008815450e-02 0.000000000000000000e+00
9.068056309319867669e-02 3.613467001709446541e-02 0.000000000000000000e+00
8.988416617883854265e-02 3.583687965848633000e-02 0.000000000000000000e+00
8.908943917125417000e-02 3.553466099631839847e-02 0.000000000000000000e+00
8.829637151146407792e-02 3.522807863264523776e-02 0.000000000000000000e+00
8.750495264048699373e-02 3.491719716952144253e-02 0.000000000000000000e+00
8.671517199934149212e-02 3.460208120900158668e-02 0.000000000000000000e+00
8.592701941935126930e-02 3.428279522169357107e-02 0.000000000000000000e+00
8.514049194754459704e-02 3.395940124810289257e-02 0.000000000000000000e+00
8.435559298568269526e-02 3.363195918859050726e-02 0.000000000000000000e+00
8.357232615276534438e-02 3.330052887035585968e-02 0.000000000000000000e+00
8.279069506779229703e-02 3.296517012059832497e-02 0.000000000000000000e+00
8.201070334976352794e-02 3.262594276651738928e-02 0.000000000000000000e+00
8.123235461767874810e-02 3.228290663531244165e-02 0.000000000000000000e+00
8.045565249053777956e-02 3.193612155418293352e-02 0.000000000000000000e+00
7.968060058734044437e-02 3.158564735032826781e-02 0.000000000000000000e+00
7.890720252708649518e-02 3.123154385094784047e-02 0.000000000000000000e+00
7.813546192877585117e-02 3.087387088324115153e-02 0.000000000000000000e+00
7.736538241140827887e-02 3.051268827440758308e-02 0.000000000000000000e+00
7.659696757441279702e-02 3.014805560587347291e-02 0.000000000000000000e+00
7.583021991920305127e-02 2.978001867002582140e-02 0.000000000000000000e+00
7.506514028771299474e-02 2.940860241926087151e-02 0.000000000000000000e+00
7.430172938397405780e-02 2.903383007417000700e-02 0.000000000000000000e+00
7.353998791201731000e-02 2.865572485534446240e-02 0.000000000000000000e+00
7.277991657587393193e-02 2.827430998337550697e-02 0.000000000000000000e+00
7.202151607957509027e-02 2.788960867885441688e-02 0.000000000000000000e+00
7.126478712715193786e-02 2.750164416237243711e-02 0.000000000000000000e+00
7.050973042263573853e-02 2.711043965452091670e-02 0.000000000000000000e+00
6.975634667005767287e-02 2.671601837589109713e-02 0.000000000000000000e+00
6.900463657344886592e-02 2.631840354707425805e-02 0.000000000000000000e+00
6.825460083684051216e-02 2.591761838866166526e-02 0.000000000000000000e+00
6.750624016426373664e-02 2.551368612124456023e-02 0.000000000000000000e+00
6.675955665212025825e-02 2.510662818105459729e-02 0.000000000000000000e+00
6.601456232554413217e-02 2.469645328038805668e-02 0.000000000000000000e+00
6.527127352204047106e-02 2.428316460512311079e-02 0.000000000000000000e+00
6.452970659667281450e-02 2.386676531863627174e-02 0.000000000000000000e+00
6.378987790450463269e-02 2.344725858430399615e-02 0.000000000000000000e+00
6.305180380059964562e-02 2.302464756550289676e-02 0.000000000000000000e+00
6.231550064002136513e-02 2.259893542560941632e-02 0.000000000000000000e+00
6.158098477783334468e-02 2.217012532800008776e-02 0.000000000000000000e+00
6.084827256909911691e-02 2.173822043605140239e-02 0.000000000000000000e+00
6.011738036888219366e-02 2.130322391313982724e-02 0.000000000000000000e+00
5.938832453224627411e-02 2.086513892264196465e-02 0.000000000000000000e+00
5.866112141425485621e-02 2.042396862793427470e-02 0.000000000000000000e+00
5.793579143396575259e-02 1.997971057552351548e-02 0.000000000000000000e+00
5.721241761853012447e-02 1.953227578091207978e-02 0.000000000000000000e+00
5.649113212776402104e-02 1.908150735306472778e-02 0.000000000000000000e+00
5.577206844066569247e-02 1.862724657769738307e-02 0.000000000000000000e+00
5.505536003623313912e-02 1.816933474052583389e-02 0.000000000000000000e+00
5.434114039346444464e-02 1.770761312726589279e-02 0.000000000000000000e+00
5.362954299135772041e-02 1.724192302363340007e-02 0.000000000000000000e+00
5.292070130891094598e-02 1.677210571534412317e-02 0.000000000000000000e+00
5.221474882512241317e-02 1.629800248811400648e-02 0.000000000000000000e+00
5.151181901899011539e-02 1.581945462765881744e-02 0.000000000000000000e+00
5.081204536951212242e-02 1.533630341969438593e-02 0.000000000000000000e+00
5.011556135568656645e-02 1.484839014993654706e-02 0.000000000000000000e+00
4.942250045663439117e-02 1.435555610404935095e-02 0.000000000000000000e+00
4.873301741739626686e-02 1.385763362408816250e-02 0.000000000000000000e+00
4.804734750994010817e-02 1.335442118565140744e-02 0.000000000000000000e+00
4.736574506365459625e-02 1.284570924953635195e-02 0.000000000000000000e+00
4.668846440792842611e-02 1.233128827654025005e-02 0.000000000000000000e+00
4.601575987215026503e-02 1.181094872746031414e-02 0.000000000000000000e+00
4.534788578570896067e-02 1.128448106309392317e-02 0.000000000000000000e+00
4.468509647799315254e-02 1.075167574423827564e-02 0.000000000000000000e+00
4.402764627839156342e-02 1.021232323169064295e-02 0.000000000000000000e+00
4.337578951629287444e-02 9.666213986248280848e-03 0.000000000000000000e+00
4.272978052108574593e-02 9.113138468708394807e-03 0.000000000000000000e+00
4.208987362215901862e-02 8.552887139868368960e-03 0.000000000000000000e+00
4.145632314890134590e-02 7.985250460525405297e-03 0.000000000000000000e+00
4.082938481618417909e-02 7.410018500221269774e-03 0.000000000000000000e+00
4.020947203365939776e-02 6.826936796041607226e-03 0.000000000000000000e+00
3.959729926749754048e-02 6.235665867761357173e-03 0.000000000000000000e+00
3.899361485711709541e-02 5.635856669468126620e-03 0.000000000000000000e+00
3.839916714193661318e-02 5.027160155249576351e-03 0.000000000000000000e+00
3.781470446137465830e-02 4.409227279193377556e-03 0.000000000000000000e+00
3.724097515484969811e-02 3.781708995387122064e-03 0.000000000000000000e+00
3.667872756178042898e-02 3.144256257918619409e-03 0.000000000000000000e+00
3.612871002158533906e-02 2.496520020875467056e-03 0.000000000000000000e+00
3.559167087368296511e-02 1.838151238345329692e-03 0.000000000000000000e+00
3.506835845749187858e-02 1.168800864415876122e-03 0.000000000000000000e+00
3.455952111243056762e-02 4.881198531746949211e-04 0.000000000000000000e+00
3.406590718555246866e-02 -2.042408429222801079e-04 0.000000000000000000e+00
3.358875351337383547e-02 -9.087346830704685864e-04 0.000000000000000000e+00
3.313110631628959218e-02 -1.626201871262379596e-03 0.000000000000000000e+00
3.269643065478617522e-02 -2.357572136012190712e-03 0.000000000000000000e+00
3.228819158935000017e-02 -3.103775205834161804e-03 0.000000000000000000e+00
3.190946998743882795e-02 -3.865493762376115590e-03 0.000000000000000000e+00
3.156033448651015400e-02 -4.641473539121825434e-03 0.000000000000000000e+00
3.123943292026847007e-02 -5.429546652991466826e-03 0.000000000000000000e+00
3.094540475765465010e-02 -6.227539842128182977e-03 0.000000000000000000e+00
3.067706679881852458e-02 -7.033495442815109085e-03 0.000000000000000000e+00
3.043458081915944441e-02 -7.847091003566791442e-03 0.000000000000000000e+00
3.021872513955753056e-02 -8.668753664916293428e-03 0.000000000000000000e+00
3.003028129563596257e-02 -9.498914475860403828e-03 0.000000000000000000e+00
2.987202600399660110e-02 -1.033761684947261637e-02 0.000000000000000000e+00
2.975917403136516329e-02 -1.118248765862527375e-02 0.000000000000000000e+00
2.971172473986886248e-02 -1.203022419582863364e-02 0.000000000000000000e+00
2.974968748777600050e-02 -1.287752181148200080e-02 0.000000000000000000e+00
