1.846501787137800124e-02 -2.546135030666999907e-03 0.000000000000000000e+00
1.846479974100682930e-02 -2.545741414711933867e-03 0.000000000000000000e+00
1.846458161063565737e-02 -2.545347798756867827e-03 0.000000000000000000e+00
1.846436348026448890e-02 -2.544954182801801353e-03 0.000000000000000000e+00
1.846414534989331696e-02 -2.544560566846735313e-03 0.000000000000000000e+00
1.846392721952214502e-02 -2.544166950891669707e-03 0.000000000000000000e+00
1.846370908915097309e-02 -2.543773334936603667e-03 0.000000000000000000e+00
1.846349095877980462e-02 -2.543379718981537627e-03 0.000000000000000000e+00
1.846327282840863268e-02 -2.542986103026471587e-03 0.000000000000000000e+00
1.846305469803746074e-02 -2.542592487071405113e-03 0.000000000000000000e+00
1.846283656766628881e-02 -2.542198871116339073e-03 0.000000000000000000e+00
1.846261843729511687e-02 -2.541805255161273033e-03 0.000000000000000000e+00
1.846240030692394840e-02 -2.541411639206206993e-03 0.000000000000000000e+00
1.846218217655277646e-02 -2.541018023251140952e-03 0.000000000000000000e+00
1.846196404618160453e-02 -2.540624407296075346e-03 0.000000000000000000e+00
1.846174591581043606e-02 -2.540230791341009306e-03 0.000000000000000000e+00
1.846152778543926065e-02 -2.539837175385942832e-03 0.000000000000000000e+00
1.846130965506809218e-02 -2.539443559430876792e-03 0.000000000000000000e+00
1.846109152469691678e-02 -2.539049943475810752e-03 0.000000000000000000e+00
1.846087339432574831e-02 -2.538656327520744712e-03 0.000000000000000000e+00
1.846065526395457637e-02 -2.538262711565678672e-03 0.000000000000000000e+00
1.846043713358340790e-02 -2.537869095610612632e-03 0.000000000000000000e+00
1.846021900321223250e-02 -2.537475479655546592e-03 0.000000000000000000e+00
1.846000087284106403e-02 -2.537081863700480552e-03 0.000000000000000000e+00
1.845978274246989209e-02 -2.536688247745414512e-03 0.000000000000000000e+00
1.845956461209872015e-02 -2.536294631790348472e-03 0.000000000000000000e+00
1.845934648172755169e-02 -2.535901015835282431e-03 0.000000000000000000e+00
1.845912835135637975e-02 -2.535507399880216391e-03 0.000000000000000000e+00
1.845891022098520781e-02 -2.535113783925149918e-03 0.000000000000000000e+00
1.845869209061403934e-02 -2.534720167970083878e-03 0.000000000000000000e+00
1.845847396024286394e-02 -2.534326552015017837e-03 0.000000000000000000e+00
1.845825582987169547e-02 -2.533932936059951797e-03 0.000000000000000000e+00
1.845803769950052353e-02 -2.533539320104886191e-03 0.000000000000000000e+00
1.845781956912935159e-02 -2.533145704149819717e-03 0.000000000000000000e+00
1.845760143875818313e-02 -2.532752088194753677e-03 0.000000000000000000e+00
1.845738330838701119e-02 -2.532358472239687637e-03 0.000000000000000000e+00
1.845716517801583925e-02 -2.531964856284621597e-03 0.000000000000000000e+00
1.845694704764466731e-02 -2.531571240329555557e-03 0.000000000000000000e+00
1.845672891727349538e-02 -2.531177624374489517e-03 0.000000000000000000e+00
1.845651078690232344e-02 -2.530784008419423477e-03 0.000000000000000000e+00
1.845629265653115497e-02 -2.530390392464357437e-03 0.000000000000000000e+00
1.845607452615998303e-02 -2.529996776509290963e-03 0.000000000000000000e+00
1.845585639578881110e-02 -2.529603160554225356e-03 0.000000000000000000e+00
1.845563826541764263e-02 -2.529209544599159316e-03 0.000000000000000000e+00
1.845542013504646722e-02 -2.528815928644093276e-03 0.000000000000000000e+00
1.845520200467529875e-02 -2.528422312689027236e-03 0.000000000000000000e+00
1.845498387430412682e-02 -2.528028696733961196e-03 0.000000000000000000e+00
1.845476574393295488e-02 -2.527635080778894722e-03 0.000000000000000000e+00
1.845454761356178641e-02 -2.527241464823828682e-03 0.000000000000000000e+00
1.845432948319061447e-02 -2.526847848868762642e-03 0.000000000000000000e+00
1.845411135281944254e-02 -2.526454232913696602e-03 0.000000000000000000e+00
1.845389322244827060e-02 -2.526060616958630562e-03 0.000000000000000000e+00
1.845367509207709866e-02 -2.525667001003564522e-03 0.000000000000000000e+00
1.845345696170592673e-02 -2.525273385048498482e-03 0.000000000000000000e+00
1.845323883133475826e-02 -2.524879769093432442e-03 0.000000000000000000e+00
1.845302070096358632e-02 -2.524486153138366402e-03 0.000000000000000000e+00
1.845280257059241438e-02 -2.524092537183300362e-03 0.000000000000000000e+00
1.845258444022124591e-02 -2.523698921228233888e-03 0.000000000000000000e+00
1.845236630985007051e-02 -2.523305305273167848e-03 0.000000000000000000e+00
1.845214817947890204e-02 -2.522911689318101808e-03 0.000000000000000000e+00
1.845193004910773010e-02 -2.522518073363035768e-03 0.000000000000000000e+00
1.845171191873656164e-02 -2.522124457407969728e-03 0.000000000000000000e+00
1.845149378836538970e-02 -2.521730841452904121e-03 0.000000000000000000e+00
1.845127565799421776e-02 -2.521337225497838081e-03 0.000000000000000000e+00
1.845105752762304582e-02 -2.520943609542771607e-03 0.000000000000000000e+00
1.845083939725187389e-02 -2.520549993587705567e-03 0.000000000000000000e+00
1.845062126688070542e-02 -2.520156377632639527e-03 0.000000000000000000e+00
1.845040313650953348e-02 -2.519762761677573487e-03 0.000000000000000000e+00
1.845018500613836154e-02 -2.519369145722507447e-03 0.000000000000000000e+00
1.844996687576719308e-02 -2.518975529767441407e-03 0.000000000000000000e+00
1.844974874539601767e-02 -2.518581913812375367e-03 0.000000000000000000e+00
1.844953061502484920e-02 -2.518188297857309327e-03 0.000000000000000000e+00
1.844931248465367379e-02 -2.517794681902243287e-03 0.000000000000000000e+00
1.844909435428250533e-02 -2.517401065947177247e-03 0.000000000000000000e+00
1.844887622391133339e-02 -2.517007449992111207e-03 0.000000000000000000e+00
1.844865809354016492e-02 -2.516613834037045166e-03 0.000000000000000000e+00
1.844843996316898951e-02 -2.516220218081979126e-03 0.000000000000000000e+00
1.844822183279782105e-02 -2.515826602126912653e-03 0.000000000000000000e+00
1.844800370242664911e-02 -2.515432986171846613e-03 0.000000000000000000e+00
1.844778557205547717e-02 -2.515039370216780572e-03 0.000000000000000000e+00
1.844756744168430870e-02 -2.514645754261714532e-03 0.000000000000000000e+00
1.844734931131313677e-02 -2.514252138306648492e-03 0.000000000000000000e+00
1.844713118094196483e-02 -2.513858522351582452e-03 0.000000000000000000e+00
1.844691305057079636e-02 -2.513464906396516412e-03 0.000000000000000000e+00
1.844669492019962095e-02 -2.513071290441450372e-03 0.000000000000000000e+00
1.844647678982845249e-02 -2.512677674486384332e-03 0.000000000000000000e+00
1.844625865945728055e-02 -2.512284058531318292e-03 0.000000000000000000e+00
1.844604052908610861e-02 -2.511890442576252252e-03 0.000000000000000000e+00
1.844582239871494014e-02 -2.511496826621185778e-03 0.000000000000000000e+00
1.844560426834376821e-02 -2.511103210666119738e-03 0.000000000000000000e+00
1.844538613797259627e-02 -2.510709594711053698e-03 0.000000000000000000e+00
1.844516800760142433e-02 -2.510315978755987658e-03 0.000000000000000000e+00
1.844494987723025239e-02 -2.509922362800922051e-03 0.000000000000000000e+00
1.844473174685908046e-02 -2.509528746845856011e-03 0.000000000000000000e+00
1.844451361648791199e-02 -2.509135130890789971e-03 0.000000000000000000e+00
1.844429548611674005e-02 -2.508741514935723931e-03 0.000000000000000000e+00
1.844407735574556811e-02 -2.508347898980657457e-03 0.000000000000000000e+00
1.844385922537439965e-02 -2.507954283025591417e-03 0.000000000000000000e+00
1.844364109500322424e-02 -2.507560667070525377e-03 0.000000000000000000e+00
1.844342296463205577e-02 -2.507167051115459337e-03 0.000000000000000000e+00
1.844320483426088383e-02 -2.506773435160393297e-03 0.000000000000000000e+00
1.844298670388971190e-02 -2.506379819205327257e-03 0.000000000000000000e+00
1.844276857351854343e-02 -2.505986203250261217e-03 0.000000000000000000e+00
1.844255044314737149e-02 -2.505592587295195177e-03 0.000000000000000000e+00
1.844233231277619955e-02 -2.505198971340129137e-03 0.000000000000000000e+00
1.844211418240502762e-02 -2.504805355385063097e-03 0.000000000000000000e+00
1.844189605203385568e-02 -2.504411739429996623e-03 0.000000000000000000e+00
1.844167792166268374e-02 -2.504018123474930583e-03 0.000000000000000000e+00
1.844145979129151527e-02 -2.503624507519864543e-03 0.000000000000000000e+00
1.844124166092034334e-02 -2.503230891564798503e-03 0.000000000000000000e+00
1.844102353054917140e-02 -2.502837275609732463e-03 0.000000000000000000e+00
1.844080540017800293e-02 -2.502443659654666856e-03 0.000000000000000000e+00
1.844058726980682753e-02 -2.502050043699600816e-03 0.000000000000000000e+00
1.844036913943565906e-02 -2.501656427744534342e-03 0.000000000000000000e+00
1.844015100906448712e-02 -2.501262811789468302e-03 0.000000000000000000e+00
1.843993287869331865e-02 -2.500869195834402262e-03 0.000000000000000000e+00
1.843971474832214671e-02 -2.500475579879336222e-03 0.000000000000000000e+00
1.843949661795097478e-02 -2.500081963924270182e-03 0.000000000000000000e+00
1.843927848757980284e-02 -2.499688347969204142e-03 0.000000000000000000e+00
1.843906035720863090e-02 -2.499294732014137668e-03 0.000000000000000000e+00
1.843884222683746243e-02 -2.498901116059071628e-03 0.000000000000000000e+00
1.843862409646629050e-02 -2.498507500104006022e-03 0.000000000000000000e+00
1.843840596609511856e-02 -2.498113884148939982e-03 0.000000000000000000e+00
1.843818783572395009e-02 -2.497720268193873942e-03 0.000000000000000000e+00
1.843796970535277469e-02 -2.497326652238807902e-03 0.000000000000000000e+00
1.843775157498160622e-02 -2.496933036283741861e-03 0.000000000000000000e+00
1.843753344461043081e-02 -2.496539420328675388e-03 0.000000000000000000e+00
1.843731531423926234e-02 -2.496145804373609348e-03 0.000000000000000000e+00
1.843709718386809041e-02 -2.495752188418543308e-03 0.000000000000000000e+00
1.843687905349691847e-02 -2.495358572463477267e-03 0.000000000000000000e+00
1.843666092312574653e-02 -2.494964956508411227e-03 0.000000000000000000e+00
1.843644279275457459e-02 -2.494571340553345187e-03 0.000000000000000000e+00
1.843622466238340613e-02 -2.494177724598279147e-03 0.000000000000000000e+00
1.843600653201223419e-02 -2.493784108643213107e-03 0.000000000000000000e+00
1.843578840164106572e-02 -2.493390492688147067e-03 0.000000000000000000e+00
1.843557027126989378e-02 -2.492996876733081027e-03 0.000000000000000000e+00
1.843535214089872185e-02 -2.492603260778014987e-03 0.000000000000000000e+00
1.843513401052754991e-02 -2.492209644822948513e-03 0.000000000000000000e+00
1.843491588015637797e-02 -2.491816028867882473e-03 0.000000000000000000e+00
1.843469774978520950e-02 -2.491422412912816433e-03 0.000000000000000000e+00
1.843447961941403757e-02 -2.491028796957750393e-03 0.000000000000000000e+00
1.843426148904286563e-02 -2.490635181002684786e-03 0.000000000000000000e+00
1.843404335867169716e-02 -2.490241565047618746e-03 0.000000000000000000e+00
1.843382522830052522e-02 -2.489847949092552706e-03 0.000000000000000000e+00
1.843360709792934982e-02 -2.489454333137486666e-03 0.000000000000000000e+00
1.843338896755818135e-02 -2.489060717182420193e-03 0.000000000000000000e+00
1.843317083718700941e-02 -2.488667101227354152e-03 0.000000000000000000e+00
1.843295270681583747e-02 -2.488273485272288112e-03 0.000000000000000000e+00
1.843273457644466901e-02 -2.487879869317222072e-03 0.000000000000000000e+00
1.843251644607349360e-02 -2.487486253362156032e-03 0.000000000000000000e+00
1.843229831570232513e-02 -2.487092637407089992e-03 0.000000000000000000e+00
1.843208018533115666e-02 -2.486699021452023952e-03 0.000000000000000000e+00
1.843186205495998126e-02 -2.486305405496957912e-03 0.000000000000000000e+00
1.843164392458881279e-02 -2.485911789541891872e-03 0.000000000000000000e+00
1.843142579421764085e-02 -2.485518173586825832e-03 0.000000000000000000e+00
1.843120766384646891e-02 -2.485124557631759792e-03 0.000000000000000000e+00
1.843098953347529698e-02 -2.484730941676693318e-03 0.000000000000000000e+00
1.843077140310412504e-02 -2.484337325721627278e-03 0.000000000000000000e+00
1.843055327273295657e-02 -2.483943709766561238e-03 0.000000000000000000e+00
1.843033514236178463e-02 -2.483550093811495198e-03 0.000000000000000000e+00
1.843011701199061270e-02 -2.483156477856429158e-03 0.000000000000000000e+00
1.842989888161944423e-02 -2.482762861901363118e-03 0.000000000000000000e+00
1.842968075124827229e-02 -2.482369245946297077e-03 0.000000000000000000e+00
1.842946262087710035e-02 -2.481975629991231037e-03 0.000000000000000000e+00
1.842924449050592842e-02 -2.481582014036164997e-03 0.000000000000000000e+00
1.842902636013475648e-02 -2.481188398081098957e-03 0.000000000000000000e+00
1.842880822976358801e-02 -2.480794782126032917e-03 0.000000000000000000e+00
1.842859009939241607e-02 -2.480401166170966877e-03 0.000000000000000000e+00
1.842837196902124414e-02 -2.480007550215900837e-03 0.000000000000000000e+00
1.842815383865007220e-02 -2.479613934260834363e-03 0.000000000000000000e+00
1.842793570827890026e-02 -2.479220318305768757e-03 0.000000000000000000e+00
1.842771757790773179e-02 -2.478826702350702717e-03 0.000000000000000000e+00
1.842749944753655986e-02 -2.478433086395636677e-03 0.000000000000000000e+00
1.842728131716538792e-02 -2.478039470440570637e-03 0.000000000000000000e+00
1.842706318679421598e-02 -2.477645854485504597e-03 0.000000000000000000e+00
1.842684505642304404e-02 -2.477252238530438123e-03 0.000000000000000000e+00
1.842662692605187558e-02 -2.476858622575372083e-03 0.000000000000000000e+00
1.842640879568070364e-02 -2.476465006620306043e-03 0.000000000000000000e+00
1.842619066530953170e-02 -2.476071390665240003e-03 0.000000000000000000e+00
1.842597253493835976e-02 -2.475677774710174396e-03 0.000000000000000000e+00
1.842575440456719130e-02 -2.475284158755107922e-03 0.000000000000000000e+00
1.842553627419601936e-02 -2.474890542800041882e-03 0.000000000000000000e+00
1.842531814382484742e-02 -2.474496926844975842e-03 0.000000000000000000e+00
1.842510001345367548e-02 -2.474103310889909802e-03 0.000000000000000000e+00
1.842488188308250702e-02 -2.473709694934843762e-03 0.000000000000000000e+00
1.842466375271133508e-02 -2.473316078979777288e-03 0.000000000000000000e+00
1.842444562234016314e-02 -2.472922463024711248e-03 0.000000000000000000e+00
1.842422749196899120e-02 -2.472528847069645208e-03 0.000000000000000000e+00
1.842400936159781927e-02 -2.472135231114579602e-03 0.000000000000000000e+00
1.842379123122664733e-02 -2.471741615159513562e-03 0.000000000000000000e+00
1.842357310085547886e-02 -2.471347999204447522e-03 0.000000000000000000e+00
1.842335497048430693e-02 -2.470954383249381048e-03 0.000000000000000000e+00
1.842313684011313499e-02 -2.470560767294315008e-03 0.000000000000000000e+00
1.842291870974196305e-02 -2.470167151339248968e-03 0.000000000000000000e+00
1.842270057937079458e-02 -2.469773535384182928e-03 0.000000000000000000e+00
1.842248244899962265e-02 -2.469379919429116887e-03 0.000000000000000000e+00
1.842226431862845071e-02 -2.468986303474050847e-03 0.000000000000000000e+00
1.842204618825727877e-02 -2.468592687518984807e-03 0.000000000000000000e+00
1.842182805788611030e-02 -2.468199071563919201e-03 0.000000000000000000e+00
1.842160992751493837e-02 -2.467805455608852727e-03 0.000000000000000000e+00
1.842139179714376643e-02 -2.467411839653786687e-03 0.000000000000000000e+00
1.842117366677259449e-02 -2.467018223698720647e-03 0.000000000000000000e+00
1.842095553640142602e-02 -2.466624607743654607e-03 0.000000000000000000e+00
1.842073740603025409e-02 -2.466230991788588567e-03 0.000000000000000000e+00
1.842051927565908215e-02 -2.465837375833522527e-03 0.000000000000000000e+00
1.842030114528791021e-02 -2.465443759878456053e-03 0.000000000000000000e+00
1.842008301491673827e-02 -2.465050143923390013e-03 0.000000000000000000e+00
1.841986488454556634e-02 -2.464656527968324407e-03 0.000000000000000000e+00
1.841964675417439787e-02 -2.464262912013258366e-03 0.000000000000000000e+00
1.841942862380322593e-02 -2.463869296058192326e-03 0.000000000000000000e+00
1.841921049343205399e-02 -2.463475680103125853e-03 0.000000000000000000e+00
1.841899236306088206e-02 -2.463082064148059813e-03 0.000000000000000000e+00
1.841877423268971359e-02 -2.462688448192993772e-03 0.000000000000000000e+00
1.841855610231854165e-02 -2.462294832237927732e-03 0.000000000000000000e+00
1.841833797194736971e-02 -2.461901216282861692e-03 0.000000000000000000e+00
1.841811984157620125e-02 -2.461507600327795652e-03 0.000000000000000000e+00
1.841790171120502931e-02 -2.461113984372730046e-03 0.000000000000000000e+00
1.841768358083385737e-02 -2.460720368417663572e-03 0.000000000000000000e+00
1.841746545046268543e-02 -2.460326752462597532e-03 0.000000000000000000e+00
1.841724732009151350e-02 -2.459933136507531492e-03 0.000000000000000000e+00
1.841702918972034503e-02 -2.459539520552465452e-03 0.000000000000000000e+00
1.841681105934917309e-02 -2.459145904597399412e-03 0.000000000000000000e+00
1.841659292897800115e-02 -2.458752288642333372e-03 0.000000000000000000e+00
1.841637479860682922e-02 -2.458358672687266898e-03 0.000000000000000000e+00
1.841615666823565728e-02 -2.457965056732200858e-03 0.000000000000000000e+00
1.841593853786448881e-02 -2.457571440777135251e-03 0.000000000000000000e+00
1.841572040749331340e-02 -2.457177824822069211e-03 0.000000000000000000e+00
1.841550227712214494e-02 -2.456784208867003171e-03 0.000000000000000000e+00
1.841528414675097300e-02 -2.456390592911937131e-03 0.000000000000000000e+00
1.841506601637980106e-02 -2.455996976956870657e-03 0.000000000000000000e+00
1.841484788600863259e-02 -2.455603361001804617e-03 0.000000000000000000e+00
1.841462975563746066e-02 -2.455209745046738577e-03 0.000000000000000000e+00
1.841441162526628872e-02 -2.454816129091672537e-03 0.000000000000000000e+00
1.841419349489511678e-02 -2.454422513136606497e-03 0.000000000000000000e+00
1.841397536452394831e-02 -2.454028897181540457e-03 0.000000000000000000e+00
1.841375723415277638e-02 -2.453635281226474417e-03 0.000000000000000000e+00
1.841353910378160444e-02 -2.453241665271408377e-03 0.000000000000000000e+00
1.841332097341043250e-02 -2.452848049316342337e-03 0.000000000000000000e+00
1.841310284303926403e-02 -2.452454433361276297e-03 0.000000000000000000e+00
1.841288471266809210e-02 -2.452060817406210257e-03 0.000000000000000000e+00
1.841266658229692016e-02 -2.451667201451144217e-03 0.000000000000000000e+00
1.841244845192574822e-02 -2.451273585496078176e-03 0.000000000000000000e+00
1.841223032155457628e-02 -2.450879969541011703e-03 0.000000000000000000e+00
1.841201219118340435e-02 -2.450486353585945663e-03 0.000000000000000000e+00
1.841179406081223241e-02 -2.450092737630879623e-03 0.000000000000000000e+00
1.841157593044106394e-02 -2.449699121675813582e-03 0.000000000000000000e+00
1.841135780006989200e-02 -2.449305505720747542e-03 0.000000000000000000e+00
1.841113966969872007e-02 -2.448911889765681502e-03 0.000000000000000000e+00
1.841092153932755160e-02 -2.448518273810615462e-03 0.000000000000000000e+00
1.841070340895637966e-02 -2.448124657855549422e-03 0.000000000000000000e+00
1.841048527858520772e-02 -2.447731041900483382e-03 0.000000000000000000e+00
1.841026714821403579e-02 -2.447337425945417342e-03 0.000000000000000000e+00
1.841004901784286385e-02 -2.446943809990351302e-03 0.000000000000000000e+00
1.840983088747169538e-02 -2.446550194035285262e-03 0.000000000000000000e+00
1.840961275710052344e-02 -2.446156578080219222e-03 0.000000000000000000e+00
1.840939462672935151e-02 -2.445762962125152748e-03 0.000000000000000000e+00
1.840917649635818304e-02 -2.445369346170086708e-03 0.000000000000000000e+00
1.840895836598701110e-02 -2.444975730215020668e-03 0.000000000000000000e+00
1.840874023561583916e-02 -2.444582114259954628e-03 0.000000000000000000e+00
1.840852210524466723e-02 -2.444188498304888588e-03 0.000000000000000000e+00
1.840830397487349529e-02 -2.443794882349822548e-03 0.000000000000000000e+00
1.840808584450232335e-02 -2.443401266394756507e-03 0.000000000000000000e+00
1.840786771413115142e-02 -2.443007650439690467e-03 0.000000000000000000e+00
1.840764958375998295e-02 -2.442614034484624427e-03 0.000000000000000000e+00
1.840743145338881101e-02 -2.442220418529558387e-03 0.000000000000000000e+00
1.840721332301763907e-02 -2.441826802574492347e-03 0.000000000000000000e+00
1.840699519264647060e-02 -2.441433186619426307e-03 0.000000000000000000e+00
1.840677706227529867e-02 -2.441039570664360267e-03 0.000000000000000000e+00
1.840655893190412673e-02 -2.440645954709294227e-03 0.000000000000000000e+00
1.840634080153295479e-02 -2.440252338754228187e-03 0.000000000000000000e+00
1.840612267116178286e-02 -2.439858722799162147e-03 0.000000000000000000e+00
1.840590454079061439e-02 -2.439465106844096107e-03 0.000000000000000000e+00
1.840568641041944245e-02 -2.439071490889030067e-03 0.000000000000000000e+00
1.840546828004827051e-02 -2.438677874933964027e-03 0.000000000000000000e+00
1.840525014967710205e-02 -2.438284258978897553e-03 0.000000000000000000e+00
1.840503201930593011e-02 -2.437890643023831513e-03 0.000000000000000000e+00
1.840481388893475817e-02 -2.437497027068765473e-03 0.000000000000000000e+00
1.840459575856358623e-02 -2.437103411113699433e-03 0.000000000000000000e+00
1.840437762819241430e-02 -2.436709795158633826e-03 0.000000000000000000e+00
1.840415949782124236e-02 -2.436316179203567352e-03 0.000000000000000000e+00
1.840394136745007042e-02 -2.435922563248501312e-03 0.000000000000000000e+00
1.840372323707890195e-02 -2.435528947293435272e-03 0.000000000000000000e+00
1.840350510670773002e-02 -2.435135331338369232e-03 0.000000000000000000e+00
1.840328697633655808e-02 -2.434741715383303192e-03 0.000000000000000000e+00
1.840306884596538961e-02 -2.434348099428237152e-03 0.000000000000000000e+00
1.840285071559421767e-02 -2.433954483473171112e-03 0.000000000000000000e+00
1.840263258522304574e-02 -2.433560867518104638e-03 0.000000000000000000e+00
1.840241445485187380e-02 -2.433167251563039032e-03 0.000000000000000000e+00
1.840219632448070186e-02 -2.432773635607972558e-03 0.000000000000000000e+00
1.840197819410953339e-02 -2.432380019652906518e-03 0.000000000000000000e+00
1.840176006373836146e-02 -2.431986403697840478e-03 0.000000000000000000e+00
1.840154193336718952e-02 -2.431592787742774438e-03 0.000000000000000000e+00
1.840132380299602105e-02 -2.431199171787708831e-03 0.000000000000000000e+00
1.840110567262484564e-02 -2.430805555832642358e-03 0.000000000000000000e+00
1.840088754225367718e-02 -2.430411939877576318e-03 0.000000000000000000e+00
1.840066941188250524e-02 -2.430018323922510277e-03 0.000000000000000000e+00
1.840045128151133330e-02 -2.429624707967444237e-03 0.000000000000000000e+00
1.840023315114016136e-02 -2.429231092012378197e-03 0.000000000000000000e+00
1.840001502076898943e-02 -2.428837476057312157e-03 0.000000000000000000e+00
1.839979689039782096e-02 -2.428443860102246117e-03 0.000000000000000000e+00
1.839957876002664902e-02 -2.428050244147180077e-03 0.000000000000000000e+00
1.839936062965547708e-02 -2.427656628192114037e-03 0.000000000000000000e+00
1.839914249928430862e-02 -2.427263012237047997e-03 0.000000000000000000e+00
1.839892436891313668e-02 -2.426869396281981957e-03 0.000000000000000000e+00
1.839870623854196474e-02 -2.426475780326915917e-03 0.000000000000000000e+00
1.839848810817079280e-02 -2.426082164371849877e-03 0.000000000000000000e+00
1.839826997779962087e-02 -2.425688548416783837e-03 0.000000000000000000e+00
1.839805184742845240e-02 -2.425294932461717796e-03 0.000000000000000000e+00
1.839783371705728046e-02 -2.424901316506651323e-03 0.000000000000000000e+00
1.839761558668610852e-02 -2.424507700551585283e-03 0.000000000000000000e+00
1.839739745631494006e-02 -2.424114084596519676e-03 0.000000000000000000e+00
1.839717932594376812e-02 -2.423720468641453636e-03 0.000000000000000000e+00
1.839696119557259618e-02 -2.423326852686387596e-03 0.000000000000000000e+00
1.839674306520142424e-02 -2.422933236731321122e-03 0.000000000000000000e+00
1.839652493483025231e-02 -2.422539620776255082e-03 0.000000000000000000e+00
1.839630680445908037e-02 -2.422146004821189042e-03 0.000000000000000000e+00
1.839608867408790843e-02 -2.421752388866123002e-03 0.000000000000000000e+00
1.839587054371673996e-02 -2.421358772911056962e-03 0.000000000000000000e+00
1.839565241334556803e-02 -2.420965156955990488e-03 0.000000000000000000e+00
1.839543428297439609e-02 -2.420571541000924882e-03 0.000000000000000000e+00
1.839521615260322762e-02 -2.420177925045858842e-03 0.000000000000000000e+00
1.839499802223205568e-02 -2.419784309090792802e-03 0.000000000000000000e+00
1.839477989186088375e-02 -2.419390693135726762e-03 0.000000000000000000e+00
1.839456176148971181e-02 -2.418997077180660722e-03 0.000000000000000000e+00
1.839434363111853987e-02 -2.418603461225594681e-03 0.000000000000000000e+00
1.839412550074737140e-02 -2.418209845270528641e-03 0.000000000000000000e+00
1.839390737037619947e-02 -2.417816229315462168e-03 0.000000000000000000e+00
1.839368924000502753e-02 -2.417422613360396128e-03 0.000000000000000000e+00
1.839347110963385906e-02 -2.417028997405330087e-03 0.000000000000000000e+00
1.839325297926268712e-02 -2.416635381450264047e-03 0.000000000000000000e+00
1.839303484889151519e-02 -2.416241765495198007e-03 0.000000000000000000e+00
1.839281671852034325e-02 -2.415848149540131967e-03 0.000000000000000000e+00
1.839259858814917131e-02 -2.415454533585065927e-03 0.000000000000000000e+00
1.839238045777799938e-02 -2.415060917629999887e-03 0.000000000000000000e+00
1.839216232740682744e-02 -2.414667301674933847e-03 0.000000000000000000e+00
1.839194419703565897e-02 -2.414273685719867807e-03 0.000000000000000000e+00
1.839172606666448703e-02 -2.413880069764801767e-03 0.000000000000000000e+00
1.839150793629331510e-02 -2.413486453809735727e-03 0.000000000000000000e+00
1.839128980592214663e-02 -2.413092837854669687e-03 0.000000000000000000e+00
1.839107167555097469e-02 -2.412699221899603647e-03 0.000000000000000000e+00
1.839085354517980275e-02 -2.412305605944537606e-03 0.000000000000000000e+00
1.839063541480863082e-02 -2.411911989989471566e-03 0.000000000000000000e+00
1.839041728443745888e-02 -2.411518374034405526e-03 0.000000000000000000e+00
1.839019915406629041e-02 -2.411124758079339486e-03 0.000000000000000000e+00
1.838998102369511847e-02 -2.410731142124273446e-03 0.000000000000000000e+00
1.838976289332394654e-02 -2.410337526169207406e-03 0.000000000000000000e+00
1.838954476295277460e-02 -2.409943910214140932e-03 0.000000000000000000e+00
1.838932663258160266e-02 -2.409550294259074892e-03 0.000000000000000000e+00
1.838910850221043419e-02 -2.409156678304008852e-03 0.000000000000000000e+00
1.838889037183926226e-02 -2.408763062348942812e-03 0.000000000000000000e+00
1.838867224146809032e-02 -2.408369446393876772e-03 0.000000000000000000e+00
1.838845411109691838e-02 -2.407975830438810732e-03 0.000000000000000000e+00
1.838823598072574644e-02 -2.407582214483744692e-03 0.000000000000000000e+00
1.838801785035457798e-02 -2.407188598528678652e-03 0.000000000000000000e+00
1.838779971998340604e-02 -2.406794982573612612e-03 0.000000000000000000e+00
1.838758158961223410e-02 -2.406401366618546572e-03 0.000000000000000000e+00
1.838736345924106216e-02 -2.406007750663480532e-03 0.000000000000000000e+00
1.838714532886989370e-02 -2.405614134708414491e-03 0.000000000000000000e+00
1.838692719849872176e-02 -2.405220518753348018e-03 0.000000000000000000e+00
1.838670906812754982e-02 -2.404826902798281978e-03 0.000000000000000000e+00
1.838649093775637788e-02 -2.404433286843215938e-03 0.000000000000000000e+00
1.838627280738520942e-02 -2.404039670888149897e-03 0.000000000000000000e+00
1.838605467701403748e-02 -2.403646054933083857e-03 0.000000000000000000e+00
1.838583654664286554e-02 -2.403252438978017817e-03 0.000000000000000000e+00
1.838561841627169360e-02 -2.402858823022951777e-03 0.000000000000000000e+00
1.838540028590052167e-02 -2.402465207067885737e-03 0.000000000000000000e+00
1.838518215552935320e-02 -2.402071591112819697e-03 0.000000000000000000e+00
1.838496402515818126e-02 -2.401677975157753657e-03 0.000000000000000000e+00
1.838474589478700932e-02 -2.401284359202687617e-03 0.000000000000000000e+00
1.838452776441583739e-02 -2.400890743247621577e-03 0.000000000000000000e+00
1.838430963404466545e-02 -2.400497127292555537e-03 0.000000000000000000e+00
1.838409150367349698e-02 -2.400103511337489497e-03 0.000000000000000000e+00
1.838387337330232504e-02 -2.399709895382423457e-03 0.000000000000000000e+00
1.838365524293115311e-02 -2.399316279427357416e-03 0.000000000000000000e+00
1.838343711255998117e-02 -2.398922663472291376e-03 0.000000000000000000e+00
1.838321898218880923e-02 -2.398529047517225336e-03 0.000000000000000000e+00
1.838300085181764076e-02 -2.398135431562159296e-03 0.000000000000000000e+00
1.838278272144646883e-02 -2.397741815607093256e-03 0.000000000000000000e+00
1.838256459107529689e-02 -2.397348199652026782e-03 0.000000000000000000e+00
1.838234646070412842e-02 -2.396954583696960742e-03 0.000000000000000000e+00
1.838212833033295648e-02 -2.396560967741894702e-03 0.000000000000000000e+00
1.838191019996178455e-02 -2.396167351786828662e-03 0.000000000000000000e+00
1.838169206959061261e-02 -2.395773735831762622e-03 0.000000000000000000e+00
1.838147393921944067e-02 -2.395380119876696582e-03 0.000000000000000000e+00
1.838125580884826873e-02 -2.394986503921630542e-03 0.000000000000000000e+00
1.838103767847709680e-02 -2.394592887966564502e-03 0.000000000000000000e+00
1.838081954810592833e-02 -2.394199272011498462e-03 0.000000000000000000e+00
1.838060141773475639e-02 -2.393805656056432422e-03 0.000000000000000000e+00
1.838038328736358445e-02 -2.393412040101366382e-03 0.000000000000000000e+00
1.838016515699241599e-02 -2.393018424146300342e-03 0.000000000000000000e+00
1.837994702662124405e-02 -2.392624808191233868e-03 0.000000000000000000e+00
1.837972889625007211e-02 -2.392231192236167828e-03 0.000000000000000000e+00
1.837951076587890017e-02 -2.391837576281101788e-03 0.000000000000000000e+00
1.837929263550772824e-02 -2.391443960326035748e-03 0.000000000000000000e+00
1.837907450513655977e-02 -2.391050344370969707e-03 0.000000000000000000e+00
1.837885637476538783e-02 -2.390656728415903667e-03 0.000000000000000000e+00
1.837863824439421589e-02 -2.390263112460837627e-03 0.000000000000000000e+00
1.837842011402304743e-02 -2.389869496505771587e-03 0.000000000000000000e+00
1.837820198365187549e-02 -2.389475880550705547e-03 0.000000000000000000e+00
1.837798385328070355e-02 -2.389082264595639507e-03 0.000000000000000000e+00
1.837776572290953161e-02 -2.388688648640573467e-03 0.000000000000000000e+00
1.837754759253835968e-02 -2.388295032685507427e-03 0.000000000000000000e+00
1.837732946216718774e-02 -2.387901416730441387e-03 0.000000000000000000e+00
1.837711133179601580e-02 -2.387507800775375347e-03 0.000000000000000000e+00
1.837689320142484734e-02 -2.387114184820309307e-03 0.000000000000000000e+00
1.837667507105367540e-02 -2.386720568865243267e-03 0.000000000000000000e+00
1.837645694068250346e-02 -2.386326952910177226e-03 0.000000000000000000e+00
1.837623881031133499e-02 -2.385933336955111186e-03 0.000000000000000000e+00
1.837602067994016306e-02 -2.385539721000045146e-03 0.000000000000000000e+00
1.837580254956899112e-02 -2.385146105044979106e-03 0.000000000000000000e+00
1.837558441919781918e-02 -2.384752489089912632e-03 0.000000000000000000e+00
1.837536628882664724e-02 -2.384358873134846592e-03 0.000000000000000000e+00
1.837514815845547878e-02 -2.383965257179780552e-03 0.000000000000000000e+00
1.837493002808430684e-02 -2.383571641224714512e-03 0.000000000000000000e+00
1.837471189771313490e-02 -2.383178025269648472e-03 0.000000000000000000e+00
1.837449376734196643e-02 -2.382784409314582432e-03 0.000000000000000000e+00
1.837427563697079450e-02 -2.382390793359516392e-03 0.000000000000000000e+00
1.837405750659962256e-02 -2.381997177404450352e-03 0.000000000000000000e+00
1.837383937622845062e-02 -2.381603561449384312e-03 0.000000000000000000e+00
1.837362124585727868e-02 -2.381209945494318272e-03 0.000000000000000000e+00
1.837340311548611022e-02 -2.380816329539252232e-03 0.000000000000000000e+00
1.837318498511493481e-02 -2.380422713584186192e-03 0.000000000000000000e+00
1.837296685474376634e-02 -2.380029097629119718e-03 0.000000000000000000e+00
1.837274872437259440e-02 -2.379635481674053678e-03 0.000000000000000000e+00
1.837253059400142247e-02 -2.379241865718987638e-03 0.000000000000000000e+00
1.837231246363025400e-02 -2.378848249763921598e-03 0.000000000000000000e+00
1.837209433325908206e-02 -2.378454633808855558e-03 0.000000000000000000e+00
1.837187620288791012e-02 -2.378061017853789517e-03 0.000000000000000000e+00
1.837165807251674166e-02 -2.377667401898723477e-03 0.000000000000000000e+00
1.837143994214556625e-02 -2.377273785943657437e-03 0.000000000000000000e+00
1.837122181177439778e-02 -2.376880169988591397e-03 0.000000000000000000e+00
1.837100368140322584e-02 -2.376486554033525357e-03 0.000000000000000000e+00
1.837078555103205391e-02 -2.376092938078459317e-03 0.000000000000000000e+00
1.837056742066088544e-02 -2.375699322123393277e-03 0.000000000000000000e+00
1.837034929028971003e-02 -2.375305706168327237e-03 0.000000000000000000e+00
1.837013115991854156e-02 -2.374912090213261197e-03 0.000000000000000000e+00
1.836991302954736963e-02 -2.374518474258195157e-03 0.000000000000000000e+00
1.836969489917619769e-02 -2.374124858303129117e-03 0.000000000000000000e+00
1.836947676880502575e-02 -2.373731242348063077e-03 0.000000000000000000e+00
1.836925863843385381e-02 -2.373337626392997037e-03 0.000000000000000000e+00
1.836904050806268535e-02 -2.372944010437930996e-03 0.000000000000000000e+00
1.836882237769151341e-02 -2.372550394482864956e-03 0.000000000000000000e+00
1.836860424732034147e-02 -2.372156778527798483e-03 0.000000000000000000e+00
1.836838611694917300e-02 -2.371763162572732443e-03 0.000000000000000000e+00
1.836816798657799760e-02 -2.371369546617666402e-03 0.000000000000000000e+00
1.836794985620682913e-02 -2.370975930662600362e-03 0.000000000000000000e+00
1.836773172583565719e-02 -2.370582314707534322e-03 0.000000000000000000e+00
1.836751359546448525e-02 -2.370188698752468282e-03 0.000000000000000000e+00
1.836729546509331679e-02 -2.369795082797402242e-03 0.000000000000000000e+00
1.836707733472214485e-02 -2.369401466842336202e-03 0.000000000000000000e+00
1.836685920435097291e-02 -2.369007850887270162e-03 0.000000000000000000e+00
1.836664107397980444e-02 -2.368614234932204122e-03 0.000000000000000000e+00
1.836642294360862904e-02 -2.368220618977138082e-03 0.000000000000000000e+00
1.836620481323746057e-02 -2.367827003022072042e-03 0.000000000000000000e+00
1.836598668286628863e-02 -2.367433387067005568e-03 0.000000000000000000e+00
1.836576855249511669e-02 -2.367039771111939528e-03 0.000000000000000000e+00
1.836555042212394476e-02 -2.366646155156873488e-03 0.000000000000000000e+00
1.836533229175277282e-02 -2.366252539201807448e-03 0.000000000000000000e+00
1.836511416138160435e-02 -2.365858923246741408e-03 0.000000000000000000e+00
1.836489603101043241e-02 -2.365465307291675368e-03 0.000000000000000000e+00
1.836467790063926048e-02 -2.365071691336609327e-03 0.000000000000000000e+00
1.836445977026809201e-02 -2.364678075381543287e-03 0.000000000000000000e+00
1.836424163989691660e-02 -2.364284459426477247e-03 0.000000000000000000e+00
1.836402350952574813e-02 -2.363890843471411207e-03 0.000000000000000000e+00
1.836380537915457620e-02 -2.363497227516345167e-03 0.000000000000000000e+00
1.836358724878340426e-02 -2.363103611561279127e-03 0.000000000000000000e+00
1.836336911841223579e-02 -2.362709995606213087e-03 0.000000000000000000e+00
1.836315098804106385e-02 -2.362316379651147047e-03 0.000000000000000000e+00
1.836293285766989192e-02 -2.361922763696081007e-03 0.000000000000000000e+00
1.836271472729872345e-02 -2.361529147741014967e-03 0.000000000000000000e+00
1.836249659692754804e-02 -2.361135531785948927e-03 0.000000000000000000e+00
1.836227846655637957e-02 -2.360741915830882887e-03 0.000000000000000000e+00
1.836206033618520764e-02 -2.360348299875816847e-03 0.000000000000000000e+00
1.836184220581403570e-02 -2.359954683920750806e-03 0.000000000000000000e+00
1.836162407544286376e-02 -2.359561067965684766e-03 0.000000000000000000e+00
1.836140594507169183e-02 -2.359167452010618726e-03 0.000000000000000000e+00
1.836118781470052336e-02 -2.358773836055552253e-03 0.000000000000000000e+00
1.836096968432935142e-02 -2.358380220100486212e-03 0.000000000000000000e+00
1.836075155395817948e-02 -2.357986604145420172e-03 0.000000000000000000e+00
1.836053342358701101e-02 -2.357592988190354132e-03 0.000000000000000000e+00
1.836031529321583561e-02 -2.357199372235288092e-03 0.000000000000000000e+00
1.836009716284466714e-02 -2.356805756280222052e-03 0.000000000000000000e+00
1.835987903247349520e-02 -2.356412140325156012e-03 0.000000000000000000e+00
1.835966090210232327e-02 -2.356018524370089972e-03 0.000000000000000000e+00
1.835944277173115480e-02 -2.355624908415023932e-03 0.000000000000000000e+00
1.835922464135998286e-02 -2.355231292459957458e-03 0.000000000000000000e+00
1.835900651098881092e-02 -2.354837676504891418e-03 0.000000000000000000e+00
1.835878838061764246e-02 -2.354444060549825378e-03 0.000000000000000000e+00
1.835857025024646705e-02 -2.354050444594759338e-03 0.000000000000000000e+00
1.835835211987529858e-02 -2.353656828639693731e-03 0.000000000000000000e+00
1.835813398950412317e-02 -2.353263212684627258e-03 0.000000000000000000e+00
1.835791585913295471e-02 -2.352869596729561218e-03 0.000000000000000000e+00
1.835769772876178277e-02 -2.352475980774495178e-03 0.000000000000000000e+00
1.835747959839061083e-02 -2.352082364819429137e-03 0.000000000000000000e+00
1.835726146801944236e-02 -2.351688748864363097e-03 0.000000000000000000e+00
1.835704333764827043e-02 -2.351295132909297057e-03 0.000000000000000000e+00
1.835682520727709849e-02 -2.350901516954231017e-03 0.000000000000000000e+00
1.835660707690593002e-02 -2.350507900999164977e-03 0.000000000000000000e+00
1.835638894653475461e-02 -2.350114285044098937e-03 0.000000000000000000e+00
1.835617081616358615e-02 -2.349720669089032897e-03 0.000000000000000000e+00
1.835595268579241421e-02 -2.349327053133966857e-03 0.000000000000000000e+00
1.835573455542124227e-02 -2.348933437178900817e-03 0.000000000000000000e+00
1.835551642505007380e-02 -2.348539821223834777e-03 0.000000000000000000e+00
1.835529829467890187e-02 -2.348146205268768737e-03 0.000000000000000000e+00
1.835508016430772993e-02 -2.347752589313702697e-03 0.000000000000000000e+00
1.835486203393656146e-02 -2.347358973358636657e-03 0.000000000000000000e+00
1.835464390356538605e-02 -2.346965357403570616e-03 0.000000000000000000e+00
1.835442577319421759e-02 -2.346571741448504576e-03 0.000000000000000000e+00
1.835420764282304565e-02 -2.346178125493438536e-03 0.000000000000000000e+00
1.835398951245187371e-02 -2.345784509538372063e-03 0.000000000000000000e+00
1.835377138208070524e-02 -2.345390893583306456e-03 0.000000000000000000e+00
1.835355325170952984e-02 -2.344997277628240416e-03 0.000000000000000000e+00
1.835333512133836137e-02 -2.344603661673174376e-03 0.000000000000000000e+00
1.835311699096718943e-02 -2.344210045718108336e-03 0.000000000000000000e+00
1.835289886059601749e-02 -2.343816429763041862e-03 0.000000000000000000e+00
1.835268073022484903e-02 -2.343422813807976256e-03 0.000000000000000000e+00
1.835246259985367362e-02 -2.343029197852909782e-03 0.000000000000000000e+00
1.835224446948250515e-02 -2.342635581897843742e-03 0.000000000000000000e+00
1.835202633911133321e-02 -2.342241965942777702e-03 0.000000000000000000e+00
1.835180820874016128e-02 -2.341848349987711228e-03 0.000000000000000000e+00
1.835159007836899281e-02 -2.341454734032645622e-03 0.000000000000000000e+00
1.835137194799782087e-02 -2.341061118077579582e-03 0.000000000000000000e+00
1.835115381762664893e-02 -2.340667502122513541e-03 0.000000000000000000e+00
1.835093568725548047e-02 -2.340273886167447501e-03 0.000000000000000000e+00
1.835071755688430506e-02 -2.339880270212381028e-03 0.000000000000000000e+00
1.835049942651313659e-02 -2.339486654257314988e-03 0.000000000000000000e+00
1.835028129614196118e-02 -2.339093038302248947e-03 0.000000000000000000e+00
1.835006316577079272e-02 -2.338699422347182907e-03 0.000000000000000000e+00
1.834984503539962425e-02 -2.338305806392116867e-03 0.000000000000000000e+00
1.834962690502844884e-02 -2.337912190437050827e-03 0.000000000000000000e+00
1.834940877465728037e-02 -2.337518574481984787e-03 0.000000000000000000e+00
1.834919064428610844e-02 -2.337124958526918747e-03 0.000000000000000000e+00
1.834897251391493650e-02 -2.336731342571852707e-03 0.000000000000000000e+00
1.834875438354376803e-02 -2.336337726616786667e-03 0.000000000000000000e+00
1.834853625317259262e-02 -2.335944110661720627e-03 0.000000000000000000e+00
1.834831812280142416e-02 -2.335550494706654587e-03 0.000000000000000000e+00
1.834809999243025222e-02 -2.335156878751588547e-03 0.000000000000000000e+00
1.834788186205908028e-02 -2.334763262796522507e-03 0.000000000000000000e+00
1.834766373168791181e-02 -2.334369646841456467e-03 0.000000000000000000e+00
1.834744560131673641e-02 -2.333976030886390426e-03 0.000000000000000000e+00
1.834722747094556794e-02 -2.333582414931324386e-03 0.000000000000000000e+00
1.834700934057439947e-02 -2.333188798976258346e-03 0.000000000000000000e+00
1.834679121020322407e-02 -2.332795183021192306e-03 0.000000000000000000e+00
1.834657307983205560e-02 -2.332401567066126266e-03 0.000000000000000000e+00
1.834635494946088019e-02 -2.332007951111059792e-03 0.000000000000000000e+00
1.834613681908971172e-02 -2.331614335155994186e-03 0.000000000000000000e+00
1.834591868871853979e-02 -2.331220719200928146e-03 0.000000000000000000e+00
1.834570055834736785e-02 -2.330827103245862106e-03 0.000000000000000000e+00
1.834548242797619938e-02 -2.330433487290795632e-03 0.000000000000000000e+00
1.834526429760502397e-02 -2.330039871335729158e-03 0.000000000000000000e+00
1.834504616723385551e-02 -2.329646255380663552e-03 0.000000000000000000e+00
1.834482803686268704e-02 -2.329252639425597512e-03 0.000000000000000000e+00
1.834460990649151163e-02 -2.328859023470531472e-03 0.000000000000000000e+00
1.834439177612034316e-02 -2.328465407515465432e-03 0.000000000000000000e+00
1.834417364574916776e-02 -2.328071791560398958e-03 0.000000000000000000e+00
1.834395551537799929e-02 -2.327678175605333351e-03 0.000000000000000000e+00
1.834373738500683082e-02 -2.327284559650266878e-03 0.000000000000000000e+00
1.834351925463565888e-02 -2.326890943695200838e-03 0.000000000000000000e+00
1.834330112426448695e-02 -2.326497327740134798e-03 0.000000000000000000e+00
1.834308299389331154e-02 -2.326103711785068758e-03 0.000000000000000000e+00
1.834286486352214307e-02 -2.325710095830002717e-03 0.000000000000000000e+00
1.834264673315097460e-02 -2.325316479874936677e-03 0.000000000000000000e+00
1.834242860277980267e-02 -2.324922863919870637e-03 0.000000000000000000e+00
1.834221047240863073e-02 -2.324529247964804597e-03 0.000000000000000000e+00
1.834199234203745879e-02 -2.324135632009738557e-03 0.000000000000000000e+00
1.834177421166628685e-02 -2.323742016054672517e-03 0.000000000000000000e+00
1.834155608129511839e-02 -2.323348400099606477e-03 0.000000000000000000e+00
1.834133795092394298e-02 -2.322954784144540437e-03 0.000000000000000000e+00
1.834111982055277451e-02 -2.322561168189474397e-03 0.000000000000000000e+00
1.834090169018160257e-02 -2.322167552234408357e-03 0.000000000000000000e+00
1.834068355981043064e-02 -2.321773936279342317e-03 0.000000000000000000e+00
1.834046542943926217e-02 -2.321380320324276277e-03 0.000000000000000000e+00
1.834024729906809023e-02 -2.320986704369210236e-03 0.000000000000000000e+00
1.834002916869691829e-02 -2.320593088414144196e-03 0.000000000000000000e+00
1.833981103832574636e-02 -2.320199472459077723e-03 0.000000000000000000e+00
1.833959290795457789e-02 -2.319805856504012116e-03 0.000000000000000000e+00
1.833937477758340595e-02 -2.319412240548946076e-03 0.000000000000000000e+00
1.833915664721223401e-02 -2.319018624593880036e-03 0.000000000000000000e+00
1.833893851684106208e-02 -2.318625008638813996e-03 0.000000000000000000e+00
1.833872038646989014e-02 -2.318231392683747089e-03 0.000000000000000000e+00
1.833850225609872167e-02 -2.317837776728681482e-03 0.000000000000000000e+00
1.833828412572754973e-02 -2.317444160773615442e-03 0.000000000000000000e+00
1.833806599535637780e-02 -2.317050544818548968e-03 0.000000000000000000e+00
1.833784786498520933e-02 -2.316656928863483362e-03 0.000000000000000000e+00
1.833762973461403739e-02 -2.316263312908416888e-03 0.000000000000000000e+00
1.833741160424286198e-02 -2.315869696953351282e-03 0.000000000000000000e+00
1.833719347387169352e-02 -2.315476080998285242e-03 0.000000000000000000e+00
1.833697534350052158e-02 -2.315082465043218768e-03 0.000000000000000000e+00
1.833675721312935311e-02 -2.314688849088152728e-03 0.000000000000000000e+00
1.833653908275817770e-02 -2.314295233133086688e-03 0.000000000000000000e+00
1.833632095238700924e-02 -2.313901617178020648e-03 0.000000000000000000e+00
1.833610282201583730e-02 -2.313508001222954608e-03 0.000000000000000000e+00
1.833588469164466536e-02 -2.313114385267888568e-03 0.000000000000000000e+00
1.833566656127349689e-02 -2.312720769312822527e-03 0.000000000000000000e+00
1.833544843090232496e-02 -2.312327153357756487e-03 0.000000000000000000e+00
1.833523030053115302e-02 -2.311933537402690447e-03 0.000000000000000000e+00
1.833501217015998108e-02 -2.311539921447624407e-03 0.000000000000000000e+00
1.833479403978880914e-02 -2.311146305492558367e-03 0.000000000000000000e+00
1.833457590941764068e-02 -2.310752689537492327e-03 0.000000000000000000e+00
1.833435777904646874e-02 -2.310359073582426287e-03 0.000000000000000000e+00
1.833413964867529680e-02 -2.309965457627360247e-03 0.000000000000000000e+00
1.833392151830412486e-02 -2.309571841672294207e-03 0.000000000000000000e+00
1.833370338793295293e-02 -2.309178225717228167e-03 0.000000000000000000e+00
1.833348525756178446e-02 -2.308784609762162127e-03 0.000000000000000000e+00
1.833326712719061252e-02 -2.308390993807096087e-03 0.000000000000000000e+00
1.833304899681944058e-02 -2.307997377852030046e-03 0.000000000000000000e+00
1.833283086644826865e-02 -2.307603761896964006e-03 0.000000000000000000e+00
1.833261273607709671e-02 -2.307210145941897533e-03 0.000000000000000000e+00
1.833239460570592824e-02 -2.306816529986831926e-03 0.000000000000000000e+00
1.833217647533475630e-02 -2.306422914031765886e-03 0.000000000000000000e+00
1.833195834496358784e-02 -2.306029298076699846e-03 0.000000000000000000e+00
1.833174021459241243e-02 -2.305635682121633806e-03 0.000000000000000000e+00
1.833152208422124396e-02 -2.305242066166567332e-03 0.000000000000000000e+00
1.833130395385007202e-02 -2.304848450211501726e-03 0.000000000000000000e+00
1.833108582347890009e-02 -2.304454834256435252e-03 0.000000000000000000e+00
1.833086769310772815e-02 -2.304061218301369212e-03 0.000000000000000000e+00
1.833064956273655968e-02 -2.303667602346303172e-03 0.000000000000000000e+00
1.833043143236538774e-02 -2.303273986391237132e-03 0.000000000000000000e+00
1.833021330199421928e-02 -2.302880370436171092e-03 0.000000000000000000e+00
1.832999517162304387e-02 -2.302486754481105052e-03 0.000000000000000000e+00
1.832977704125187540e-02 -2.302093138526038578e-03 0.000000000000000000e+00
1.832955891088070000e-02 -2.301699522570972538e-03 0.000000000000000000e+00
1.832934078050953153e-02 -2.301305906615906498e-03 0.000000000000000000e+00
1.832912265013835959e-02 -2.300912290660840891e-03 0.000000000000000000e+00
1.832890451976718765e-02 -2.300518674705774418e-03 0.000000000000000000e+00
1.832868638939601919e-02 -2.300125058750708378e-03 0.000000000000000000e+00
1.832846825902484725e-02 -2.299731442795642337e-03 0.000000000000000000e+00
1.832825012865367531e-02 -2.299337826840576297e-03 0.000000000000000000e+00
1.832803199828250684e-02 -2.298944210885510257e-03 0.000000000000000000e+00
1.832781386791133144e-02 -2.298550594930444217e-03 0.000000000000000000e+00
1.832759573754016297e-02 -2.298156978975378177e-03 0.000000000000000000e+00
1.832737760716899103e-02 -2.297763363020312137e-03 0.000000000000000000e+00
1.832715947679781909e-02 -2.297369747065246097e-03 0.000000000000000000e+00
1.832694134642665063e-02 -2.296976131110180057e-03 0.000000000000000000e+00
1.832672321605547869e-02 -2.296582515155114017e-03 0.000000000000000000e+00
1.832650508568430675e-02 -2.296188899200047977e-03 0.000000000000000000e+00
1.832628695531313481e-02 -2.295795283244981937e-03 0.000000000000000000e+00
1.832606882494196288e-02 -2.295401667289915463e-03 0.000000000000000000e+00
1.832585069457079441e-02 -2.295008051334849856e-03 0.000000000000000000e+00
1.832563256419961900e-02 -2.294614435379783816e-03 0.000000000000000000e+00
1.832541443382845053e-02 -2.294220819424717776e-03 0.000000000000000000e+00
1.832519630345727860e-02 -2.293827203469651736e-03 0.000000000000000000e+00
1.832497817308610666e-02 -2.293433587514585262e-03 0.000000000000000000e+00
1.832476004271493819e-02 -2.293039971559519656e-03 0.000000000000000000e+00
1.832454191234376625e-02 -2.292646355604453182e-03 0.000000000000000000e+00
1.832432378197259432e-02 -2.292252739649387142e-03 0.000000000000000000e+00
1.832410565160142585e-02 -2.291859123694321102e-03 0.000000000000000000e+00
1.832388752123025044e-02 -2.291465507739255062e-03 0.000000000000000000e+00
1.832366939085908197e-02 -2.291071891784189456e-03 0.000000000000000000e+00
1.832345126048791004e-02 -2.290678275829122982e-03 0.000000000000000000e+00
1.832323313011673810e-02 -2.290284659874056942e-03 0.000000000000000000e+00
1.832301499974556963e-02 -2.289891043918990902e-03 0.000000000000000000e+00
1.832279686937439422e-02 -2.289497427963924428e-03 0.000000000000000000e+00
1.832257873900322576e-02 -2.289103812008858822e-03 0.000000000000000000e+00
1.832236060863205382e-02 -2.288710196053792348e-03 0.000000000000000000e+00
1.832214247826088188e-02 -2.288316580098726741e-03 0.000000000000000000e+00
1.832192434788971341e-02 -2.287922964143660701e-03 0.000000000000000000e+00
1.832170621751853801e-02 -2.287529348188594228e-03 0.000000000000000000e+00
1.832148808714736954e-02 -2.287135732233528621e-03 0.000000000000000000e+00
1.832126995677619760e-02 -2.286742116278462581e-03 0.000000000000000000e+00
1.832105182640502566e-02 -2.286348500323396107e-03 0.000000000000000000e+00
1.832083369603385720e-02 -2.285954884368330067e-03 0.000000000000000000e+00
1.832061556566268526e-02 -2.285561268413264027e-03 0.000000000000000000e+00
1.832039743529151332e-02 -2.285167652458197987e-03 0.000000000000000000e+00
1.832017930492034485e-02 -2.284774036503131947e-03 0.000000000000000000e+00
1.831996117454916945e-02 -2.284380420548065907e-03 0.000000000000000000e+00
1.831974304417800098e-02 -2.283986804592999867e-03 0.000000000000000000e+00
1.831952491380682557e-02 -2.283593188637933827e-03 0.000000000000000000e+00
1.831930678343565710e-02 -2.283199572682867787e-03 0.000000000000000000e+00
1.831908865306448517e-02 -2.282805956727801747e-03 0.000000000000000000e+00
1.831887052269331670e-02 -2.282412340772735707e-03 0.000000000000000000e+00
1.831865239232214476e-02 -2.282018724817669666e-03 0.000000000000000000e+00
1.831843426195097282e-02 -2.281625108862603626e-03 0.000000000000000000e+00
1.831821613157980089e-02 -2.281231492907537586e-03 0.000000000000000000e+00
1.831799800120863242e-02 -2.280837876952471546e-03 0.000000000000000000e+00
1.831777987083745701e-02 -2.280444260997405506e-03 0.000000000000000000e+00
1.831756174046628854e-02 -2.280050645042339466e-03 0.000000000000000000e+00
1.831734361009511661e-02 -2.279657029087272992e-03 0.000000000000000000e+00
1.831712547972394467e-02 -2.279263413132206952e-03 0.000000000000000000e+00
1.831690734935277620e-02 -2.278869797177140912e-03 0.000000000000000000e+00
1.831668921898160426e-02 -2.278476181222074872e-03 0.000000000000000000e+00
1.831647108861043233e-02 -2.278082565267009266e-03 0.000000000000000000e+00
1.831625295823926039e-02 -2.277688949311942792e-03 0.000000000000000000e+00
1.831603482786808845e-02 -2.277295333356876752e-03 0.000000000000000000e+00
1.831581669749691998e-02 -2.276901717401810712e-03 0.000000000000000000e+00
1.831559856712574805e-02 -2.276508101446744672e-03 0.000000000000000000e+00
1.831538043675457611e-02 -2.276114485491678632e-03 0.000000000000000000e+00
1.831516230638340417e-02 -2.275720869536612158e-03 0.000000000000000000e+00
1.831494417601223570e-02 -2.275327253581546551e-03 0.000000000000000000e+00
1.831472604564106377e-02 -2.274933637626480511e-03 0.000000000000000000e+00
1.831450791526989183e-02 -2.274540021671414471e-03 0.000000000000000000e+00
1.831428978489871989e-02 -2.274146405716348431e-03 0.000000000000000000e+00
1.831407165452754796e-02 -2.273752789761281957e-03 0.000000000000000000e+00
1.831385352415637602e-02 -2.273359173806215917e-03 0.000000000000000000e+00
1.831363539378520755e-02 -2.272965557851149877e-03 0.000000000000000000e+00
1.831341726341403561e-02 -2.272571941896083837e-03 0.000000000000000000e+00
1.831319913304286714e-02 -2.272178325941017797e-03 0.000000000000000000e+00
1.831298100267169174e-02 -2.271784709985951757e-03 0.000000000000000000e+00
1.831276287230052327e-02 -2.271391094030885717e-03 0.000000000000000000e+00
1.831254474192935133e-02 -2.270997478075819677e-03 0.000000000000000000e+00
1.831232661155818287e-02 -2.270603862120753637e-03 0.000000000000000000e+00
1.831210848118700746e-02 -2.270210246165687597e-03 0.000000000000000000e+00
1.831189035081583552e-02 -2.269816630210621557e-03 0.000000000000000000e+00
1.831167222044466705e-02 -2.269423014255555517e-03 0.000000000000000000e+00
1.831145409007349512e-02 -2.269029398300489477e-03 0.000000000000000000e+00
1.831123595970232318e-02 -2.268635782345423436e-03 0.000000000000000000e+00
1.831101782933115471e-02 -2.268242166390357396e-03 0.000000000000000000e+00
1.831079969895998277e-02 -2.267848550435290923e-03 0.000000000000000000e+00
1.831058156858881084e-02 -2.267454934480224883e-03 0.000000000000000000e+00
1.831036343821763890e-02 -2.267061318525158842e-03 0.000000000000000000e+00
1.831014530784646696e-02 -2.266667702570092802e-03 0.000000000000000000e+00
1.830992717747529849e-02 -2.266274086615027196e-03 0.000000000000000000e+00
1.830970904710412309e-02 -2.265880470659960722e-03 0.000000000000000000e+00
1.830949091673295462e-02 -2.265486854704894682e-03 0.000000000000000000e+00
1.830927278636178268e-02 -2.265093238749828642e-03 0.000000000000000000e+00
1.830905465599061074e-02 -2.264699622794762602e-03 0.000000000000000000e+00
1.830883652561944228e-02 -2.264306006839696562e-03 0.000000000000000000e+00
1.830861839524827034e-02 -2.263912390884630088e-03 0.000000000000000000e+00
1.830840026487709840e-02 -2.263518774929564482e-03 0.000000000000000000e+00
1.830818213450592646e-02 -2.263125158974498442e-03 0.000000000000000000e+00
1.830796400413475453e-02 -2.262731543019431968e-03 0.000000000000000000e+00
1.830774587376358606e-02 -2.262337927064366361e-03 0.000000000000000000e+00
1.830752774339241412e-02 -2.261944311109299888e-03 0.000000000000000000e+00
1.830730961302124218e-02 -2.261550695154234281e-03 0.000000000000000000e+00
1.830709148265007025e-02 -2.261157079199167808e-03 0.000000000000000000e+00
1.830687335227890178e-02 -2.260763463244101767e-03 0.000000000000000000e+00
1.830665522190773331e-02 -2.260369847289035727e-03 0.000000000000000000e+00
1.830643709153655790e-02 -2.259976231333969687e-03 0.000000000000000000e+00
1.830621896116538597e-02 -2.259582615378903647e-03 0.000000000000000000e+00
1.830600083079421403e-02 -2.259188999423837607e-03 0.000000000000000000e+00
1.830578270042304209e-02 -2.258795383468771567e-03 0.000000000000000000e+00
1.830556457005187362e-02 -2.258401767513705527e-03 0.000000000000000000e+00
1.830534643968070169e-02 -2.258008151558639487e-03 0.000000000000000000e+00
1.830512830930953322e-02 -2.257614535603573447e-03 0.000000000000000000e+00
1.830491017893835781e-02 -2.257220919648507407e-03 0.000000000000000000e+00
1.830469204856718934e-02 -2.256827303693441367e-03 0.000000000000000000e+00
1.830447391819601741e-02 -2.256433687738375327e-03 0.000000000000000000e+00
1.830425578782484547e-02 -2.256040071783309287e-03 0.000000000000000000e+00
1.830403765745367353e-02 -2.255646455828243246e-03 0.000000000000000000e+00
1.830381952708250506e-02 -2.255252839873177206e-03 0.000000000000000000e+00
1.830360139671133313e-02 -2.254859223918110733e-03 0.000000000000000000e+00
1.830338326634016466e-02 -2.254465607963045126e-03 0.000000000000000000e+00
1.830316513596898925e-02 -2.254071992007978652e-03 0.000000000000000000e+00
1.830294700559782078e-02 -2.253678376052912612e-03 0.000000000000000000e+00
1.830272887522664885e-02 -2.253284760097847006e-03 0.000000000000000000e+00
1.830251074485547691e-02 -2.252891144142780532e-03 0.000000000000000000e+00
1.830229261448430497e-02 -2.252497528187714926e-03 0.000000000000000000e+00
1.830207448411313303e-02 -2.252103912232648452e-03 0.000000000000000000e+00
1.830185635374196457e-02 -2.251710296277582412e-03 0.000000000000000000e+00
1.830163822337079263e-02 -2.251316680322516372e-03 0.000000000000000000e+00
1.830142009299962069e-02 -2.250923064367449898e-03 0.000000000000000000e+00
1.830120196262845222e-02 -2.250529448412384292e-03 0.000000000000000000e+00
1.830098383225727682e-02 -2.250135832457318252e-03 0.000000000000000000e+00
1.830076570188610835e-02 -2.249742216502252212e-03 0.000000000000000000e+00
1.830054757151493641e-02 -2.249348600547186171e-03 0.000000000000000000e+00
1.830032944114376448e-02 -2.248954984592119698e-03 0.000000000000000000e+00
1.830011131077259601e-02 -2.248561368637054091e-03 0.000000000000000000e+00
1.829989318040142407e-02 -2.248167752681987618e-03 0.000000000000000000e+00
1.829967505003025213e-02 -2.247774136726921577e-03 0.000000000000000000e+00
1.829945691965908020e-02 -2.247380520771855537e-03 0.000000000000000000e+00
1.829923878928790826e-02 -2.246986904816789497e-03 0.000000000000000000e+00
1.829902065891673979e-02 -2.246593288861723457e-03 0.000000000000000000e+00
1.829880252854556785e-02 -2.246199672906657417e-03 0.000000000000000000e+00
1.829858439817439592e-02 -2.245806056951591377e-03 0.000000000000000000e+00
1.829836626780322398e-02 -2.245412440996525337e-03 0.000000000000000000e+00
1.829814813743205204e-02 -2.245018825041459297e-03 0.000000000000000000e+00
1.829793000706088357e-02 -2.244625209086393257e-03 0.000000000000000000e+00
1.829771187668971164e-02 -2.244231593131327217e-03 0.000000000000000000e+00
1.829749374631853970e-02 -2.243837977176261177e-03 0.000000000000000000e+00
1.829727561594736776e-02 -2.243444361221195137e-03 0.000000000000000000e+00
1.829705748557619582e-02 -2.243050745266129097e-03 0.000000000000000000e+00
1.829683935520502736e-02 -2.242657129311063056e-03 0.000000000000000000e+00
1.829662122483385542e-02 -2.242263513355997016e-03 0.000000000000000000e+00
1.829640309446268348e-02 -2.241869897400930976e-03 0.000000000000000000e+00
1.829618496409151154e-02 -2.241476281445864503e-03 0.000000000000000000e+00
1.829596683372033961e-02 -2.241082665490798462e-03 0.000000000000000000e+00
1.829574870334917114e-02 -2.240689049535732856e-03 0.000000000000000000e+00
1.829553057297799920e-02 -2.240295433580666816e-03 0.000000000000000000e+00
1.829531244260682726e-02 -2.239901817625600776e-03 0.000000000000000000e+00
1.829509431223565880e-02 -2.239508201670534302e-03 0.000000000000000000e+00
1.829487618186448339e-02 -2.239114585715468262e-03 0.000000000000000000e+00
1.829465805149331492e-02 -2.238720969760402222e-03 0.000000000000000000e+00
1.829443992112214298e-02 -2.238327353805336182e-03 0.000000000000000000e+00
1.829422179075097105e-02 -2.237933737850270142e-03 0.000000000000000000e+00
1.829400366037980258e-02 -2.237540121895204102e-03 0.000000000000000000e+00
1.829378553000863064e-02 -2.237146505940138062e-03 0.000000000000000000e+00
1.829356739963745870e-02 -2.236752889985072022e-03 0.000000000000000000e+00
1.829334926926629024e-02 -2.236359274030005981e-03 0.000000000000000000e+00
1.829313113889511483e-02 -2.235965658074939508e-03 0.000000000000000000e+00
1.829291300852394636e-02 -2.235572042119873468e-03 0.000000000000000000e+00
1.829269487815277442e-02 -2.235178426164807428e-03 0.000000000000000000e+00
1.829247674778160249e-02 -2.234784810209741387e-03 0.000000000000000000e+00
1.829225861741043055e-02 -2.234391194254675347e-03 0.000000000000000000e+00
1.829204048703926208e-02 -2.233997578299609307e-03 0.000000000000000000e+00
1.829182235666809014e-02 -2.233603962344543267e-03 0.000000000000000000e+00
1.829160422629691821e-02 -2.233210346389477227e-03 0.000000000000000000e+00
1.829138609592574627e-02 -2.232816730434411187e-03 0.000000000000000000e+00
1.829116796555457780e-02 -2.232423114479345147e-03 0.000000000000000000e+00
1.829094983518340239e-02 -2.232029498524279107e-03 0.000000000000000000e+00
1.829073170481223393e-02 -2.231635882569213067e-03 0.000000000000000000e+00
1.829051357444106199e-02 -2.231242266614147027e-03 0.000000000000000000e+00
1.829029544406989352e-02 -2.230848650659080987e-03 0.000000000000000000e+00
1.829007731369872158e-02 -2.230455034704014947e-03 0.000000000000000000e+00
1.828985918332754965e-02 -2.230061418748948907e-03 0.000000000000000000e+00
1.828964105295637771e-02 -2.229667802793882866e-03 0.000000000000000000e+00
1.828942292258520577e-02 -2.229274186838816393e-03 0.000000000000000000e+00
1.828920479221403383e-02 -2.228880570883750786e-03 0.000000000000000000e+00
1.828898666184286537e-02 -2.228486954928684746e-03 0.000000000000000000e+00
1.828876853147169343e-02 -2.228093338973618272e-03 0.000000000000000000e+00
1.828855040110052496e-02 -2.227699723018552666e-03 0.000000000000000000e+00
1.828833227072934955e-02 -2.227306107063486192e-03 0.000000000000000000e+00
1.828811414035818109e-02 -2.226912491108420586e-03 0.000000000000000000e+00
1.828789600998700915e-02 -2.226518875153354112e-03 0.000000000000000000e+00
1.828767787961583721e-02 -2.226125259198288072e-03 0.000000000000000000e+00
1.828745974924466527e-02 -2.225731643243222032e-03 0.000000000000000000e+00
1.828724161887349334e-02 -2.225338027288155992e-03 0.000000000000000000e+00
1.828702348850232487e-02 -2.224944411333089952e-03 0.000000000000000000e+00
1.828680535813115293e-02 -2.224550795378023912e-03 0.000000000000000000e+00
1.828658722775998099e-02 -2.224157179422957872e-03 0.000000000000000000e+00
1.828636909738881253e-02 -2.223763563467891832e-03 0.000000000000000000e+00
1.828615096701764059e-02 -2.223369947512825791e-03 0.000000000000000000e+00
1.828593283664646865e-02 -2.222976331557759751e-03 0.000000000000000000e+00
1.828571470627529671e-02 -2.222582715602693278e-03 0.000000000000000000e+00
1.828549657590412478e-02 -2.222189099647627238e-03 0.000000000000000000e+00
1.828527844553295631e-02 -2.221795483692561631e-03 0.000000000000000000e+00
1.828506031516178437e-02 -2.221401867737495591e-03 0.000000000000000000e+00
1.828484218479061243e-02 -2.221008251782429551e-03 0.000000000000000000e+00
1.828462405441944050e-02 -2.220614635827363511e-03 0.000000000000000000e+00
1.828440592404826856e-02 -2.220221019872297037e-03 0.000000000000000000e+00
1.828418779367710009e-02 -2.219827403917230997e-03 0.000000000000000000e+00
1.828396966330592815e-02 -2.219433787962164957e-03 0.000000000000000000e+00
1.828375153293475622e-02 -2.219040172007098917e-03 0.000000000000000000e+00
1.828353340256358428e-02 -2.218646556052032877e-03 0.000000000000000000e+00
1.828331527219241581e-02 -2.218252940096966837e-03 0.000000000000000000e+00
1.828309714182124388e-02 -2.217859324141900797e-03 0.000000000000000000e+00
1.828287901145007194e-02 -2.217465708186834757e-03 0.000000000000000000e+00
1.828266088107890000e-02 -2.217072092231768717e-03 0.000000000000000000e+00
1.828244275070772806e-02 -2.216678476276702676e-03 0.000000000000000000e+00
1.828222462033655613e-02 -2.216284860321636636e-03 0.000000000000000000e+00
1.828200648996538766e-02 -2.215891244366570596e-03 0.000000000000000000e+00
1.828178835959421572e-02 -2.215497628411504556e-03 0.000000000000000000e+00
1.828157022922304378e-02 -2.215104012456438516e-03 0.000000000000000000e+00
1.828135209885187185e-02 -2.214710396501372476e-03 0.000000000000000000e+00
1.828113396848069991e-02 -2.214316780546306002e-03 0.000000000000000000e+00
1.828091583810953144e-02 -2.213923164591239962e-03 0.000000000000000000e+00
1.828069770773835950e-02 -2.213529548636173922e-03 0.000000000000000000e+00
1.828047957736718757e-02 -2.213135932681107882e-03 0.000000000000000000e+00
1.828026144699601910e-02 -2.212742316726041842e-03 0.000000000000000000e+00
1.828004331662484716e-02 -2.212348700770975802e-03 0.000000000000000000e+00
1.827982518625367869e-02 -2.211955084815909762e-03 0.000000000000000000e+00
1.827960705588250329e-02 -2.211561468860843722e-03 0.000000000000000000e+00
1.827938892551133482e-02 -2.211167852905777682e-03 0.000000000000000000e+00
1.827917079514015941e-02 -2.210774236950711208e-03 0.000000000000000000e+00
1.827895266476899094e-02 -2.210380620995645168e-03 0.000000000000000000e+00
1.827873453439781901e-02 -2.209987005040579561e-03 0.000000000000000000e+00
1.827851640402665054e-02 -2.209593389085513521e-03 0.000000000000000000e+00
1.827829827365547860e-02 -2.209199773130447481e-03 0.000000000000000000e+00
1.827808014328430319e-02 -2.208806157175381008e-03 0.000000000000000000e+00
1.827786201291313473e-02 -2.208412541220314967e-03 0.000000000000000000e+00
1.827764388254196279e-02 -2.208018925265249361e-03 0.000000000000000000e+00
1.827742575217079085e-02 -2.207625309310182887e-03 0.000000000000000000e+00
1.827720762179962238e-02 -2.207231693355116847e-03 0.000000000000000000e+00
1.827698949142844698e-02 -2.206838077400050807e-03 0.000000000000000000e+00
1.827677136105727851e-02 -2.206444461444984767e-03 0.000000000000000000e+00
1.827655323068611004e-02 -2.206050845489918727e-03 0.000000000000000000e+00
1.827633510031493463e-02 -2.205657229534852687e-03 0.000000000000000000e+00
1.827611696994376617e-02 -2.205263613579786647e-03 0.000000000000000000e+00
1.827589883957259423e-02 -2.204869997624720607e-03 0.000000000000000000e+00
1.827568070920141882e-02 -2.204476381669654133e-03 0.000000000000000000e+00
1.827546257883025382e-02 -2.204082765714588527e-03 0.000000000000000000e+00
1.827524444845907842e-02 -2.203689149759522486e-03 0.000000000000000000e+00
1.827502631808790995e-02 -2.203295533804456446e-03 0.000000000000000000e+00
1.827480818771673801e-02 -2.202901917849390406e-03 0.000000000000000000e+00
1.827459005734556607e-02 -2.202508301894323933e-03 0.000000000000000000e+00
1.827437192697439761e-02 -2.202114685939258326e-03 0.000000000000000000e+00
1.827415379660322567e-02 -2.201721069984192286e-03 0.000000000000000000e+00
1.827393566623205373e-02 -2.201327454029125812e-03 0.000000000000000000e+00
1.827371753586088179e-02 -2.200933838074059772e-03 0.000000000000000000e+00
1.827349940548970986e-02 -2.200540222118993732e-03 0.000000000000000000e+00
1.827328127511854139e-02 -2.200146606163927692e-03 0.000000000000000000e+00
1.827306314474736945e-02 -2.199752990208861652e-03 0.000000000000000000e+00
1.827284501437619751e-02 -2.199359374253795612e-03 0.000000000000000000e+00
1.827262688400502558e-02 -2.198965758298729572e-03 0.000000000000000000e+00
1.827240875363385364e-02 -2.198572142343663098e-03 0.000000000000000000e+00
1.827219062326268170e-02 -2.198178526388597492e-03 0.000000000000000000e+00
1.827197249289151323e-02 -2.197784910433531452e-03 0.000000000000000000e+00
1.827175436252034130e-02 -2.197391294478465412e-03 0.000000000000000000e+00
1.827153623214917283e-02 -2.196997678523399371e-03 0.000000000000000000e+00
1.827131810177799742e-02 -2.196604062568332898e-03 0.000000000000000000e+00
1.827109997140682895e-02 -2.196210446613267291e-03 0.000000000000000000e+00
1.827088184103565702e-02 -2.195816830658201251e-03 0.000000000000000000e+00
1.827066371066448508e-02 -2.195423214703135211e-03 0.000000000000000000e+00
1.827044558029331314e-02 -2.195029598748068737e-03 0.000000000000000000e+00
1.827022744992214467e-02 -2.194635982793002697e-03 0.000000000000000000e+00
1.827000931955097274e-02 -2.194242366837936657e-03 0.000000000000000000e+00
1.826979118917980427e-02 -2.193848750882870617e-03 0.000000000000000000e+00
1.826957305880862886e-02 -2.193455134927804577e-03 0.000000000000000000e+00
1.826935492843745693e-02 -2.193061518972738537e-03 0.000000000000000000e+00
1.826913679806628846e-02 -2.192667903017672497e-03 0.000000000000000000e+00
1.826891866769511652e-02 -2.192274287062606457e-03 0.000000000000000000e+00
1.826870053732394458e-02 -2.191880671107540417e-03 0.000000000000000000e+00
1.826848240695277611e-02 -2.191487055152474377e-03 0.000000000000000000e+00
1.826826427658160071e-02 -2.191093439197408337e-03 0.000000000000000000e+00
1.826804614621042877e-02 -2.190699823242342296e-03 0.000000000000000000e+00
1.826782801583926030e-02 -2.190306207287276256e-03 0.000000000000000000e+00
1.826760988546808837e-02 -2.189912591332210216e-03 0.000000000000000000e+00
1.826739175509691990e-02 -2.189518975377144176e-03 0.000000000000000000e+00
1.826717362472574796e-02 -2.189125359422077702e-03 0.000000000000000000e+00
1.826695549435457255e-02 -2.188731743467011662e-03 0.000000000000000000e+00
1.826673736398340755e-02 -2.188338127511946056e-03 0.000000000000000000e+00
1.826651923361223215e-02 -2.187944511556880016e-03 0.000000000000000000e+00
1.826630110324106021e-02 -2.187550895601813542e-03 0.000000000000000000e+00
1.826608297286989174e-02 -2.187157279646747502e-03 0.000000000000000000e+00
1.826586484249871981e-02 -2.186763663691681462e-03 0.000000000000000000e+00
1.826564671212754787e-02 -2.186370047736615422e-03 0.000000000000000000e+00
1.826542858175637940e-02 -2.185976431781549382e-03 0.000000000000000000e+00
1.826521045138520399e-02 -2.185582815826483342e-03 0.000000000000000000e+00
1.826499232101403553e-02 -2.185189199871417302e-03 0.000000000000000000e+00
1.826477419064286359e-02 -2.184795583916351262e-03 0.000000000000000000e+00
1.826455606027169165e-02 -2.184401967961285222e-03 0.000000000000000000e+00
1.826433792990052318e-02 -2.184008352006219181e-03 0.000000000000000000e+00
1.826411979952935125e-02 -2.183614736051153141e-03 0.000000000000000000e+00
1.826390166915817584e-02 -2.183221120096087101e-03 0.000000000000000000e+00
1.826368353878700737e-02 -2.182827504141021061e-03 0.000000000000000000e+00
1.826346540841583543e-02 -2.182433888185954587e-03 0.000000000000000000e+00
1.826324727804466697e-02 -2.182040272230888547e-03 0.000000000000000000e+00
1.826302914767349503e-02 -2.181646656275822507e-03 0.000000000000000000e+00
1.826281101730232309e-02 -2.181253040320756467e-03 0.000000000000000000e+00
1.826259288693115462e-02 -2.180859424365690427e-03 0.000000000000000000e+00
1.826237475655998269e-02 -2.180465808410624387e-03 0.000000000000000000e+00
1.826215662618880728e-02 -2.180072192455558347e-03 0.000000000000000000e+00
1.826193849581763881e-02 -2.179678576500492307e-03 0.000000000000000000e+00
1.826172036544646687e-02 -2.179284960545426267e-03 0.000000000000000000e+00
1.826150223507529841e-02 -2.178891344590360227e-03 0.000000000000000000e+00
1.826128410470412647e-02 -2.178497728635294187e-03 0.000000000000000000e+00
1.826106597433295453e-02 -2.178104112680228147e-03 0.000000000000000000e+00
1.826084784396178259e-02 -2.177710496725161673e-03 0.000000000000000000e+00
1.826062971359061066e-02 -2.177316880770095633e-03 0.000000000000000000e+00
1.826041158321943872e-02 -2.176923264815030026e-03 0.000000000000000000e+00
1.826019345284827025e-02 -2.176529648859963986e-03 0.000000000000000000e+00
1.825997532247709831e-02 -2.176136032904897946e-03 0.000000000000000000e+00
1.825975719210592985e-02 -2.175742416949831906e-03 0.000000000000000000e+00
1.825953906173475444e-02 -2.175348800994765866e-03 0.000000000000000000e+00
1.825932093136358597e-02 -2.174955185039699826e-03 0.000000000000000000e+00
1.825910280099241403e-02 -2.174561569084633352e-03 0.000000000000000000e+00
1.825888467062124210e-02 -2.174167953129567312e-03 0.000000000000000000e+00
1.825866654025007016e-02 -2.173774337174501272e-03 0.000000000000000000e+00
1.825844840987890169e-02 -2.173380721219435232e-03 0.000000000000000000e+00
1.825823027950772975e-02 -2.172987105264369192e-03 0.000000000000000000e+00
1.825801214913656129e-02 -2.172593489309303152e-03 0.000000000000000000e+00
1.825779401876538588e-02 -2.172199873354237112e-03 0.000000000000000000e+00
1.825757588839421394e-02 -2.171806257399171072e-03 0.000000000000000000e+00
1.825735775802304547e-02 -2.171412641444105032e-03 0.000000000000000000e+00
1.825713962765187354e-02 -2.171019025489038991e-03 0.000000000000000000e+00
1.825692149728070160e-02 -2.170625409533972518e-03 0.000000000000000000e+00
1.825670336690953313e-02 -2.170231793578906478e-03 0.000000000000000000e+00
1.825648523653835772e-02 -2.169838177623840438e-03 0.000000000000000000e+00
1.825626710616718579e-02 -2.169444561668774397e-03 0.000000000000000000e+00
1.825604897579601732e-02 -2.169050945713708791e-03 0.000000000000000000e+00
1.825583084542484538e-02 -2.168657329758642751e-03 0.000000000000000000e+00
1.825561271505367691e-02 -2.168263713803576277e-03 0.000000000000000000e+00
1.825539458468250498e-02 -2.167870097848510237e-03 0.000000000000000000e+00
1.825517645431133304e-02 -2.167476481893444631e-03 0.000000000000000000e+00
1.825495832394016457e-02 -2.167082865938378591e-03 0.000000000000000000e+00
1.825474019356898916e-02 -2.166689249983312117e-03 0.000000000000000000e+00
1.825452206319781723e-02 -2.166295634028246077e-03 0.000000000000000000e+00
1.825430393282664876e-02 -2.165902018073180037e-03 0.000000000000000000e+00
1.825408580245547682e-02 -2.165508402118113997e-03 0.000000000000000000e+00
1.825386767208430835e-02 -2.165114786163047957e-03 0.000000000000000000e+00
1.825364954171313642e-02 -2.164721170207981917e-03 0.000000000000000000e+00
1.825343141134196101e-02 -2.164327554252915876e-03 0.000000000000000000e+00
1.825321328097079254e-02 -2.163933938297849836e-03 0.000000000000000000e+00
1.825299515059962061e-02 -2.163540322342783796e-03 0.000000000000000000e+00
1.825277702022844867e-02 -2.163146706387717756e-03 0.000000000000000000e+00
1.825255888985728020e-02 -2.162753090432651716e-03 0.000000000000000000e+00
1.825234075948610826e-02 -2.162359474477585242e-03 0.000000000000000000e+00
1.825212262911493286e-02 -2.161965858522519202e-03 0.000000000000000000e+00
1.825190449874376786e-02 -2.161572242567453162e-03 0.000000000000000000e+00
1.825168636837259245e-02 -2.161178626612387122e-03 0.000000000000000000e+00
1.825146823800142398e-02 -2.160785010657321082e-03 0.000000000000000000e+00
1.825125010763025205e-02 -2.160391394702255042e-03 0.000000000000000000e+00
1.825103197725908011e-02 -2.159997778747189002e-03 0.000000000000000000e+00
1.825081384688791164e-02 -2.159604162792123395e-03 0.000000000000000000e+00
1.825059571651673970e-02 -2.159210546837057355e-03 0.000000000000000000e+00
1.825037758614556430e-02 -2.158816930881990448e-03 0.000000000000000000e+00
1.825015945577439583e-02 -2.158423314926924408e-03 0.000000000000000000e+00
1.824994132540322389e-02 -2.158029698971858368e-03 0.000000000000000000e+00
1.824972319503205542e-02 -2.157636083016792761e-03 0.000000000000000000e+00
1.824950506466088349e-02 -2.157242467061726721e-03 0.000000000000000000e+00
1.824928693428971155e-02 -2.156848851106660681e-03 0.000000000000000000e+00
1.824906880391853961e-02 -2.156455235151594641e-03 0.000000000000000000e+00
1.824885067354736767e-02 -2.156061619196528167e-03 0.000000000000000000e+00
1.824863254317619574e-02 -2.155668003241462561e-03 0.000000000000000000e+00
1.824841441280502727e-02 -2.155274387286396521e-03 0.000000000000000000e+00
1.824819628243385533e-02 -2.154880771331330047e-03 0.000000000000000000e+00
1.824797815206268339e-02 -2.154487155376264007e-03 0.000000000000000000e+00
1.824776002169151146e-02 -2.154093539421197967e-03 0.000000000000000000e+00
1.824754189132034299e-02 -2.153699923466131927e-03 0.000000000000000000e+00
1.824732376094917105e-02 -2.153306307511065887e-03 0.000000000000000000e+00
1.824710563057799911e-02 -2.152912691555999847e-03 0.000000000000000000e+00
