-1.195935372758069083e-02 -9.023462256934189352e-02 0.000000000000000000e+00
-1.207493570800866577e-02 -9.022911409152535589e-02 0.000000000000000000e+00
-1.219051543799300891e-02 -9.022354431331297553e-02 0.000000000000000000e+00
-1.230609303460645891e-02 -9.021791669480058729e-02 0.000000000000000000e+00
-1.242166861492175443e-02 -9.021223469608406764e-02 0.000000000000000000e+00
-1.253724229601162719e-02 -9.020650177725927921e-02 0.000000000000000000e+00
-1.265281419494882105e-02 -9.020072139842204295e-02 0.000000000000000000e+00
-1.276838442880606252e-02 -9.019489701966824924e-02 0.000000000000000000e+00
-1.288395311465609892e-02 -9.018903210109371904e-02 0.000000000000000000e+00
-1.299952036957166372e-02 -9.018313010279432884e-02 0.000000000000000000e+00
-1.311508631062548516e-02 -9.017719448486591349e-02 0.000000000000000000e+00
-1.323065105489031577e-02 -9.017122870740434948e-02 0.000000000000000000e+00
-1.334621471943888034e-02 -9.016523623050545777e-02 0.000000000000000000e+00
-1.346177742134391751e-02 -9.015922051426511485e-02 0.000000000000000000e+00
-1.357733927767816769e-02 -9.015318501877918334e-02 0.000000000000000000e+00
-1.369290040551436778e-02 -9.014713320414351194e-02 0.000000000000000000e+00
-1.380846092192524951e-02 -9.014106853045392165e-02 0.000000000000000000e+00
-1.392402094398355154e-02 -9.013499445780630281e-02 0.000000000000000000e+00
-1.403958058876201252e-02 -9.012891444629650417e-02 0.000000000000000000e+00
-1.415513997333337458e-02 -9.012283195602037444e-02 0.000000000000000000e+00
-1.427069921477035902e-02 -9.011675044707376236e-02 0.000000000000000000e+00
-1.438625843014571665e-02 -9.011067337955254442e-02 0.000000000000000000e+00
-1.450181773653218091e-02 -9.010460421355252769e-02 0.000000000000000000e+00
-1.461737725100248700e-02 -9.009854640916960256e-02 0.000000000000000000e+00
-1.473293709062937010e-02 -9.009250342649961774e-02 0.000000000000000000e+00
-1.484849737248556886e-02 -9.008647872563840808e-02 0.000000000000000000e+00
-1.496405821364382195e-02 -9.008047576668186396e-02 0.000000000000000000e+00
-1.507961973117686108e-02 -9.007449800972580634e-02 0.000000000000000000e+00
-1.519518204215742838e-02 -9.006854891486611170e-02 0.000000000000000000e+00
-1.531074526365825902e-02 -9.006263194219861490e-02 0.000000000000000000e+00
-1.542630951275208821e-02 -9.005675055181917854e-02 0.000000000000000000e+00
-1.554187490651165113e-02 -9.005090820382365135e-02 0.000000000000000000e+00
-1.565744156200968989e-02 -9.004510835830789595e-02 0.000000000000000000e+00
-1.577300959631893970e-02 -9.003935447536776104e-02 0.000000000000000000e+00
-1.588857912651213400e-02 -9.003365001509908150e-02 0.000000000000000000e+00
-1.600415026966201318e-02 -9.002799843759774767e-02 0.000000000000000000e+00
-1.611972314284131416e-02 -9.002240320295960829e-02 0.000000000000000000e+00
-1.623529786312277040e-02 -9.001686777128049821e-02 0.000000000000000000e+00
-1.635087454757911882e-02 -9.001139560265625228e-02 0.000000000000000000e+00
-1.646645331328309633e-02 -9.000599015718276086e-02 0.000000000000000000e+00
-1.658203427730744681e-02 -9.000065489495590043e-02 0.000000000000000000e+00
-1.669761755672489675e-02 -8.999539327607145034e-02 0.000000000000000000e+00
-1.681320326860819003e-02 -8.999020876062532870e-02 0.000000000000000000e+00
-1.692879153003006357e-02 -8.998510480871334261e-02 0.000000000000000000e+00
-1.704438245806324387e-02 -8.998008488043136854e-02 0.000000000000000000e+00
-1.715997616978048174e-02 -8.997515243587526912e-02 0.000000000000000000e+00
-1.727557278225450715e-02 -8.997031093514087918e-02 0.000000000000000000e+00
-1.739117241255805357e-02 -8.996556383832408910e-02 0.000000000000000000e+00
-1.750677517776386138e-02 -8.996091460552069208e-02 0.000000000000000000e+00
-1.762238119494466751e-02 -8.995636669682659237e-02 0.000000000000000000e+00
-1.773799058117321581e-02 -8.995192357233762481e-02 0.000000000000000000e+00
-1.785360345352222933e-02 -8.994758869214966590e-02 0.000000000000000000e+00
-1.796921992906445192e-02 -8.994336551635850885e-02 0.000000000000000000e+00
-1.808484012487262399e-02 -8.993925750506005790e-02 0.000000000000000000e+00
-1.820046415447866550e-02 -8.993526790215358724e-02 0.000000000000000000e+00
-1.831609201437186737e-02 -8.993139280508422040e-02 0.000000000000000000e+00
-1.843172355994946582e-02 -8.992761969642175390e-02 0.000000000000000000e+00
-1.854735863820530448e-02 -8.992393554563643532e-02 0.000000000000000000e+00
-1.866299709613320271e-02 -8.992032732219829017e-02 0.000000000000000000e+00
-1.877863878072702150e-02 -8.991678199557759377e-02 0.000000000000000000e+00
-1.889428353898058022e-02 -8.991328653524445491e-02 0.000000000000000000e+00
-1.900993121788772250e-02 -8.990982791066902402e-02 0.000000000000000000e+00
-1.912558166444227464e-02 -8.990639309132147927e-02 0.000000000000000000e+00
-1.924123472563809417e-02 -8.990296904667197109e-02 0.000000000000000000e+00
-1.935689024846900044e-02 -8.989954274619067764e-02 0.000000000000000000e+00
-1.947254807992883363e-02 -8.989610115934774937e-02 0.000000000000000000e+00
-1.958820806701143738e-02 -8.989263125561335055e-02 0.000000000000000000e+00
-1.970387005671063452e-02 -8.988912000445764550e-02 0.000000000000000000e+00
-1.981953389602027563e-02 -8.988555437535077075e-02 0.000000000000000000e+00
-1.993519943193419394e-02 -8.988192133776290449e-02 0.000000000000000000e+00
-2.005086651144622270e-02 -8.987820786116422489e-02 0.000000000000000000e+00
-2.016653498155020208e-02 -8.987440091502486850e-02 0.000000000000000000e+00
-2.028220468923996531e-02 -8.987048746881498573e-02 0.000000000000000000e+00
-2.039787548150935603e-02 -8.986645449200476865e-02 0.000000000000000000e+00
-2.051354720535220055e-02 -8.986228895406435380e-02 0.000000000000000000e+00
-2.062921970776234598e-02 -8.985797782446391935e-02 0.000000000000000000e+00
-2.074489283573362555e-02 -8.985350807267361573e-02 0.000000000000000000e+00
-2.086056643625987250e-02 -8.984886666816360723e-02 0.000000000000000000e+00
-2.097624014360022909e-02 -8.984403911670857390e-02 0.000000000000000000e+00
-2.109190619850272522e-02 -8.983896005392107142e-02 0.000000000000000000e+00
-2.120754771568341898e-02 -8.983350132485025397e-02 0.000000000000000000e+00
-2.132314724579803880e-02 -8.982753089359624132e-02 0.000000000000000000e+00
-2.143868733950231309e-02 -8.982091672425916717e-02 0.000000000000000000e+00
-2.155415054745198761e-02 -8.981352678093915132e-02 0.000000000000000000e+00
-2.166951942030278036e-02 -8.980522902773631355e-02 0.000000000000000000e+00
-2.178477650871043364e-02 -8.979589142875080143e-02 0.000000000000000000e+00
-2.189990436333068280e-02 -8.978538194808279027e-02 0.000000000000000000e+00
-2.201488553481925278e-02 -8.977356854983233048e-02 0.000000000000000000e+00
-2.212970257383188588e-02 -8.976031919809959736e-02 0.000000000000000000e+00
-2.224433803102430357e-02 -8.974550185698472460e-02 0.000000000000000000e+00
-2.235877431647102093e-02 -8.972898492701367190e-02 0.000000000000000000e+00
-2.247298307251572799e-02 -8.971067023647329164e-02 0.000000000000000000e+00
-2.258691775083438574e-02 -8.969051608546475818e-02 0.000000000000000000e+00
-2.270053004874412333e-02 -8.966848622038857408e-02 0.000000000000000000e+00
-2.281377166356209421e-02 -8.964454438764533906e-02 0.000000000000000000e+00
-2.292659429260544487e-02 -8.961865433363566669e-02 0.000000000000000000e+00
-2.303894963319132877e-02 -8.959077980476010117e-02 0.000000000000000000e+00
-2.315078938263687852e-02 -8.956088454741922833e-02 0.000000000000000000e+00
-2.326206523825925451e-02 -8.952893230801362012e-02 0.000000000000000000e+00
-2.337272897989355058e-02 -8.949488795654561568e-02 0.000000000000000000e+00
-2.348273413316367964e-02 -8.945874013446801498e-02 0.000000000000000000e+00
-2.359203588893135986e-02 -8.942050015786484618e-02 0.000000000000000000e+00
-2.370058950445477070e-02 -8.938018024690450036e-02 0.000000000000000000e+00
-2.380835023699209158e-02 -8.933779262175539637e-02 0.000000000000000000e+00
-2.391527334380151235e-02 -8.929334950258598080e-02 0.000000000000000000e+00
-2.402131408214121591e-02 -8.924686310956463087e-02 0.000000000000000000e+00
-2.412642770926937130e-02 -8.919834566285982091e-02 0.000000000000000000e+00
-2.423056948244418224e-02 -8.914780938263991428e-02 0.000000000000000000e+00
-2.433369465892381775e-02 -8.909526648907335755e-02 0.000000000000000000e+00
-2.443575849596646768e-02 -8.904072920232859734e-02 0.000000000000000000e+00
-2.453671625083030799e-02 -8.898420974257401084e-02 0.000000000000000000e+00
-2.463652318077352854e-02 -8.892572032997801690e-02 0.000000000000000000e+00
-2.473513454305431222e-02 -8.886527318470908987e-02 0.000000000000000000e+00
-2.483250559493084542e-02 -8.880288052693559309e-02 0.000000000000000000e+00
-2.492859159366130062e-02 -8.873855457682595926e-02 0.000000000000000000e+00
-2.502334779650386073e-02 -8.867230755454860724e-02 0.000000000000000000e+00
-2.511672946071671908e-02 -8.860415168027198363e-02 0.000000000000000000e+00
-2.520869184355805856e-02 -8.853409917416450725e-02 0.000000000000000000e+00
-2.529919020228605514e-02 -8.846216225639454145e-02 0.000000000000000000e+00
-2.538817979415889173e-02 -8.838835314713057445e-02 0.000000000000000000e+00
-2.547561587643475470e-02 -8.831268406654098346e-02 0.000000000000000000e+00
-2.556145370637182695e-02 -8.823516723479421509e-02 0.000000000000000000e+00
-2.564564905778542875e-02 -8.815581599746277752e-02 0.000000000000000000e+00
-2.572816766803393690e-02 -8.807466540732503124e-02 0.000000000000000000e+00
-2.580898427663028821e-02 -8.799177012982349610e-02 0.000000000000000000e+00
-2.588807394674608187e-02 -8.790718553554381642e-02 0.000000000000000000e+00
-2.596541174155290663e-02 -8.782096699507173365e-02 0.000000000000000000e+00
-2.604097272422234433e-02 -8.773316987899286434e-02 0.000000000000000000e+00
-2.611473195792599067e-02 -8.764384955789288056e-02 0.000000000000000000e+00
-2.618666450583543095e-02 -8.755306140235749601e-02 0.000000000000000000e+00
-2.625674543112224701e-02 -8.746086078297236888e-02 0.000000000000000000e+00
-2.632494979695802761e-02 -8.736730307032318510e-02 0.000000000000000000e+00
-2.639125266651436846e-02 -8.727244363499563062e-02 0.000000000000000000e+00
-2.645562912832721825e-02 -8.717633785374868938e-02 0.000000000000000000e+00
-2.651809230036562826e-02 -8.707905035913490743e-02 0.000000000000000000e+00
-2.657876975137843725e-02 -8.698067363930993279e-02 0.000000000000000000e+00
-2.663781049336307050e-02 -8.688130540139442359e-02 0.000000000000000000e+00
-2.669536353831694978e-02 -8.678104335250912127e-02 0.000000000000000000e+00
-2.675157789823750729e-02 -8.667998519977469785e-02 0.000000000000000000e+00
-2.680660258512215788e-02 -8.657822865031182535e-02 0.000000000000000000e+00
-2.686058661096833028e-02 -8.647587141124120358e-02 0.000000000000000000e+00
-2.691367898777344281e-02 -8.637301118968350455e-02 0.000000000000000000e+00
-2.696602872753493113e-02 -8.626974569275948357e-02 0.000000000000000000e+00
-2.701778484225020316e-02 -8.616617262758975715e-02 0.000000000000000000e+00
-2.706909629904189971e-02 -8.606238967089660519e-02 0.000000000000000000e+00
-2.712007673898608404e-02 -8.595847056934556585e-02 0.000000000000000000e+00
-2.717074113219980838e-02 -8.585442222935610324e-02 0.000000000000000000e+00
-2.722108735460197770e-02 -8.575023997764454065e-02 0.000000000000000000e+00
-2.727111328211146921e-02 -8.564591914092724301e-02 0.000000000000000000e+00
-2.732081679064716356e-02 -8.554145504592049198e-02 0.000000000000000000e+00
-2.737019575612793798e-02 -8.543684301934059699e-02 0.000000000000000000e+00
-2.741924805447269048e-02 -8.533207838790395072e-02 0.000000000000000000e+00
-2.746797156160029479e-02 -8.522715647832682095e-02 0.000000000000000000e+00
-2.751636415342962813e-02 -8.512207261732555874e-02 0.000000000000000000e+00
-2.756442370587957810e-02 -8.501682213161648738e-02 0.000000000000000000e+00
-2.761214795094429908e-02 -8.491140031603401639e-02 0.000000000000000000e+00
-2.765951604546089057e-02 -8.480579835068159655e-02 0.000000000000000000e+00
-2.770647042902262686e-02 -8.469999928213363394e-02 0.000000000000000000e+00
-2.775294923171214498e-02 -8.459398520233049612e-02 0.000000000000000000e+00
-2.779889058361209239e-02 -8.448773820321255068e-02 0.000000000000000000e+00
-2.784423261480508879e-02 -8.438124037672019295e-02 0.000000000000000000e+00
-2.788891345537376082e-02 -8.427447381479374888e-02 0.000000000000000000e+00
-2.793287123540075245e-02 -8.416742060937365544e-02 0.000000000000000000e+00
-2.797604408496867992e-02 -8.406006285240022469e-02 0.000000000000000000e+00
-2.801837013416019068e-02 -8.395238263581383809e-02 0.000000000000000000e+00
-2.805978751305790095e-02 -8.384436205155490485e-02 0.000000000000000000e+00
-2.810023442486055470e-02 -8.373598322207813360e-02 0.000000000000000000e+00
-2.813966770253109595e-02 -8.362723604480565287e-02 0.000000000000000000e+00
-2.817808739771205523e-02 -8.351812845409346819e-02 0.000000000000000000e+00
-2.821549967492498201e-02 -8.340867093545362154e-02 0.000000000000000000e+00
-2.825191069869144658e-02 -8.329887397439812713e-02 0.000000000000000000e+00
-2.828732663353299148e-02 -8.318874805643902692e-02 0.000000000000000000e+00
-2.832175364397118006e-02 -8.307830366708837677e-02 0.000000000000000000e+00
-2.835519789452755832e-02 -8.296755129185813538e-02 0.000000000000000000e+00
-2.838766554972369308e-02 -8.285650141626037246e-02 0.000000000000000000e+00
-2.841916277408111993e-02 -8.274516452580710224e-02 0.000000000000000000e+00
-2.844969573212140224e-02 -8.263355110601035280e-02 0.000000000000000000e+00
-2.847927058836611028e-02 -8.252167164238219388e-02 0.000000000000000000e+00
-2.850789350733677965e-02 -8.240953662043459804e-02 0.000000000000000000e+00
-2.853557065355497024e-02 -8.229715652567960726e-02 0.000000000000000000e+00
-2.856230819154224193e-02 -8.218454184362926351e-02 0.000000000000000000e+00
-2.858811228582015113e-02 -8.207170305979560876e-02 0.000000000000000000e+00
-2.861298910091024383e-02 -8.195865065969061558e-02 0.000000000000000000e+00
-2.863694480133407647e-02 -8.184539512882636758e-02 0.000000000000000000e+00
-2.865998555161320543e-02 -8.173194695271485122e-02 0.000000000000000000e+00
-2.868211751626918715e-02 -8.161831661686813622e-02 0.000000000000000000e+00
-2.870334685982358150e-02 -8.150451460679822291e-02 0.000000000000000000e+00
-2.872367974686091882e-02 -8.139055140779735686e-02 0.000000000000000000e+00
-2.874312253461241973e-02 -8.127643683293483967e-02 0.000000000000000000e+00
-2.876168219830850178e-02 -8.116217853882795596e-02 0.000000000000000000e+00
-2.877936583685151983e-02 -8.104778375055228523e-02 0.000000000000000000e+00
-2.879618054914378361e-02 -8.093325969318333757e-02 0.000000000000000000e+00
-2.881213343408763061e-02 -8.081861359179662307e-02 0.000000000000000000e+00
-2.882723159058539833e-02 -8.070385267146774899e-02 0.000000000000000000e+00
-2.884148211753941038e-02 -8.058898415727216991e-02 0.000000000000000000e+00
-2.885489211385200078e-02 -8.047401527428546530e-02 0.000000000000000000e+00
-2.886746867842550704e-02 -8.035895324758320080e-02 0.000000000000000000e+00
-2.887921891016224582e-02 -8.024380530224084485e-02 0.000000000000000000e+00
-2.889014990796455809e-02 -8.012857866333397694e-02 0.000000000000000000e+00
-2.890026877073477787e-02 -8.001328055593812105e-02 0.000000000000000000e+00
-2.890958259737522532e-02 -7.989791820512880116e-02 0.000000000000000000e+00
-2.891809848678823097e-02 -7.978249883598158287e-02 0.000000000000000000e+00
-2.892582353787613927e-02 -7.966702967357194853e-02 0.000000000000000000e+00
-2.893276484954127384e-02 -7.955151794297550538e-02 0.000000000000000000e+00
-2.893892952068596522e-02 -7.943597086926774964e-02 0.000000000000000000e+00
-2.894432465021254397e-02 -7.932039567752419140e-02 0.000000000000000000e+00
-2.894895733702334759e-02 -7.920479959282041016e-02 0.000000000000000000e+00
-2.895283468002069274e-02 -7.908918984023191601e-02 0.000000000000000000e+00
-2.895596377810692734e-02 -7.897357364483427455e-02 0.000000000000000000e+00
-2.895835176307167552e-02 -7.885795798486908148e-02 0.000000000000000000e+00
-2.896000616915396855e-02 -7.874234681801588198e-02 0.000000000000000000e+00
-2.896093480012941479e-02 -7.862674207896182266e-02 0.000000000000000000e+00
-2.896114546473197576e-02 -7.851114566517947146e-02 0.000000000000000000e+00
-2.896064597169561994e-02 -7.839555947414125758e-02 0.000000000000000000e+00
-2.895944412975432272e-02 -7.827998540331973509e-02 0.000000000000000000e+00
-2.895754774764204911e-02 -7.816442535018737481e-02 0.000000000000000000e+00
-2.895496463409277452e-02 -7.804888121221674468e-02 0.000000000000000000e+00
-2.895170259784045352e-02 -7.793335488688030166e-02 0.000000000000000000e+00
-2.894776944761906154e-02 -7.781784827165054430e-02 0.000000000000000000e+00
-2.894317299216256703e-02 -7.770236326399999893e-02 0.000000000000000000e+00
-2.893792104020493500e-02 -7.758690176140119188e-02 0.000000000000000000e+00
-2.893202140048013737e-02 -7.747146566132658008e-02 0.000000000000000000e+00
-2.892548188172214610e-02 -7.735605686124871760e-02 0.000000000000000000e+00
-2.891831029266491923e-02 -7.724067725864006140e-02 0.000000000000000000e+00
-2.891051444204242871e-02 -7.712532875097316554e-02 0.000000000000000000e+00
-2.890210213858864299e-02 -7.701001323572051471e-02 0.000000000000000000e+00
-2.889308119103753403e-02 -7.689473261035462137e-02 0.000000000000000000e+00
-2.888345940812307375e-02 -7.677948877234798408e-02 0.000000000000000000e+00
-2.887324459857920980e-02 -7.666428361917308754e-02 0.000000000000000000e+00
-2.886244457113992801e-02 -7.654911904830248581e-02 0.000000000000000000e+00
-2.885106713453919336e-02 -7.643399695720866360e-02 0.000000000000000000e+00
-2.883912009751097433e-02 -7.631891924336410560e-02 0.000000000000000000e+00
-2.882661126878923591e-02 -7.620388780424133812e-02 0.000000000000000000e+00
-2.881354845710795004e-02 -7.608890453731288750e-02 0.000000000000000000e+00
-2.879993947120108519e-02 -7.597397134005119679e-02 0.000000000000000000e+00
-2.878579211980260288e-02 -7.585909010992884782e-02 0.000000000000000000e+00
-2.877111421164648547e-02 -7.574426274441829754e-02 0.000000000000000000e+00
-2.875591355546668407e-02 -7.562949114099208614e-02 0.000000000000000000e+00
-2.874019795999716714e-02 -7.551477719712267056e-02 0.000000000000000000e+00
-2.872397523397192051e-02 -7.540012281028257712e-02 0.000000000000000000e+00
-2.870725318612489529e-02 -7.528552987794435991e-02 0.000000000000000000e+00
-2.869003962519007037e-02 -7.517100029758047586e-02 0.000000000000000000e+00
-2.867234235990140725e-02 -7.505653596666343741e-02 0.000000000000000000e+00
-2.865416919899287096e-02 -7.494213878266571538e-02 0.000000000000000000e+00
-2.863552795119844729e-02 -7.482781064305991936e-02 0.000000000000000000e+00
-2.861642642525208391e-02 -7.471355344531845077e-02 0.000000000000000000e+00
-2.859687242988775968e-02 -7.459936908691384982e-02 0.000000000000000000e+00
-2.857687377383944308e-02 -7.448525946531865671e-02 0.000000000000000000e+00
-2.855643826584108522e-02 -7.437122647800532838e-02 0.000000000000000000e+00
-2.853557371462668926e-02 -7.425727202244640501e-02 0.000000000000000000e+00
-2.851428792893019246e-02 -7.414339799611437132e-02 0.000000000000000000e+00
-2.849258871748556673e-02 -7.402960629648173974e-02 0.000000000000000000e+00
-2.847048388902679444e-02 -7.391589882102102271e-02 0.000000000000000000e+00
-2.844798125228783364e-02 -7.380227746720470494e-02 0.000000000000000000e+00
-2.842508861600265974e-02 -7.368874413250534050e-02 0.000000000000000000e+00
-2.840181378890522731e-02 -7.357530071439538633e-02 0.000000000000000000e+00
-2.837816415226629765e-02 -7.346194889881438317e-02 0.000000000000000000e+00
-2.835414415030998447e-02 -7.334868891828498494e-02 0.000000000000000000e+00
-2.832975699304197612e-02 -7.323552039456873719e-02 0.000000000000000000e+00
-2.830500588620519370e-02 -7.312244294731776173e-02 0.000000000000000000e+00
-2.827989403554254100e-02 -7.300945619618412485e-02 0.000000000000000000e+00
-2.825442464679695995e-02 -7.289655976081994837e-02 0.000000000000000000e+00
-2.822860092571135779e-02 -7.278375326087731245e-02 0.000000000000000000e+00
-2.820242607802864176e-02 -7.267103631600825564e-02 0.000000000000000000e+00
-2.817590330949176075e-02 -7.255840854586495525e-02 0.000000000000000000e+00
-2.814903582584361158e-02 -7.244586957009946371e-02 0.000000000000000000e+00
-2.812182683282712578e-02 -7.233341900836387506e-02 0.000000000000000000e+00
-2.809427953618522447e-02 -7.222105648031028335e-02 0.000000000000000000e+00
-2.806639714166082530e-02 -7.210878160559079653e-02 0.000000000000000000e+00
-2.803818285499684940e-02 -7.199659400385750863e-02 0.000000000000000000e+00
-2.800963988193620746e-02 -7.188449329476248595e-02 0.000000000000000000e+00
-2.798077142822182756e-02 -7.177247909795782255e-02 0.000000000000000000e+00
-2.795158069959663774e-02 -7.166055103309565411e-02 0.000000000000000000e+00
-2.792207090180354526e-02 -7.154870871982801916e-02 0.000000000000000000e+00
-2.789224524058547816e-02 -7.143695177780708117e-02 0.000000000000000000e+00
-2.786210692168534717e-02 -7.132527982668483701e-02 0.000000000000000000e+00
-2.783165915084608727e-02 -7.121369248611347791e-02 0.000000000000000000e+00
-2.780090513381060571e-02 -7.110218937574500075e-02 0.000000000000000000e+00
-2.776984807632183402e-02 -7.099077011523159675e-02 0.000000000000000000e+00
-2.773849118412267944e-02 -7.087943432422530443e-02 0.000000000000000000e+00
-2.770683766295606656e-02 -7.076818162237820398e-02 0.000000000000000000e+00
-2.767489071856492344e-02 -7.065701162934243107e-02 0.000000000000000000e+00
-2.764265355669216773e-02 -7.054592396477005201e-02 0.000000000000000000e+00
-2.761012938308070666e-02 -7.043491824831317472e-02 0.000000000000000000e+00
-2.757732140347348218e-02 -7.032399409962387937e-02 0.000000000000000000e+00
-2.754423282361339806e-02 -7.021315113835426003e-02 0.000000000000000000e+00
-2.751086684924337195e-02 -7.010238898415641073e-02 0.000000000000000000e+00
-2.747722668610634231e-02 -6.999170725668243942e-02 0.000000000000000000e+00
-2.744331553994520945e-02 -6.988110557558441238e-02 0.000000000000000000e+00
-2.740913661650290142e-02 -6.977058356051446530e-02 0.000000000000000000e+00
-2.737469312152234630e-02 -6.966014083112463673e-02 0.000000000000000000e+00
-2.733998826074646518e-02 -6.954977700706710397e-02 0.000000000000000000e+00
-2.730502523991815492e-02 -6.943949170799383619e-02 0.000000000000000000e+00
-2.726980726478035050e-02 -6.932928455355701070e-02 0.000000000000000000e+00
-2.723433754107598692e-02 -6.921915516340874930e-02 0.000000000000000000e+00
-2.719861927454795755e-02 -6.910910315720104891e-02 0.000000000000000000e+00
-2.716265567093921127e-02 -6.899912815458608684e-02 0.000000000000000000e+00
-2.712644993599263102e-02 -6.888922977521590163e-02 0.000000000000000000e+00
-2.709000527545117262e-02 -6.877940763874264285e-02 0.000000000000000000e+00
-2.705332489505773985e-02 -6.866966136481834904e-02 0.000000000000000000e+00
-2.701641200055525729e-02 -6.855999057309514200e-02 0.000000000000000000e+00
-2.697926979768663913e-02 -6.845039488322511578e-02 0.000000000000000000e+00
-2.694190149219480995e-02 -6.834087391486035057e-02 0.000000000000000000e+00
-2.690431028982268741e-02 -6.823142728765292653e-02 0.000000000000000000e+00
-2.686649939631319955e-02 -6.812205462125496547e-02 0.000000000000000000e+00
-2.682847201740926057e-02 -6.801275553531857532e-02 0.000000000000000000e+00
-2.679023135885379159e-02 -6.790352964949579462e-02 0.000000000000000000e+00
-2.675178062638970677e-02 -6.779437658343877293e-02 0.000000000000000000e+00
-2.671312302575993419e-02 -6.768529595679956268e-02 0.000000000000000000e+00
-2.667426176270739496e-02 -6.757628738923028566e-02 0.000000000000000000e+00
-2.663520004297499980e-02 -6.746735050038300818e-02 0.000000000000000000e+00
-2.659594107230567328e-02 -6.735848490990982429e-02 0.000000000000000000e+00
-2.655648805644234695e-02 -6.724969023746286967e-02 0.000000000000000000e+00
-2.651684420112793150e-02 -6.714096610269421062e-02 0.000000000000000000e+00
-2.647701271210533419e-02 -6.703231212525591343e-02 0.000000000000000000e+00
-2.643699679511750389e-02 -6.692372792480011379e-02 0.000000000000000000e+00
-2.639679965590733396e-02 -6.681521312097887799e-02 0.000000000000000000e+00
-2.635642450021775940e-02 -6.670676733344431397e-02 0.000000000000000000e+00
-2.631587428961536593e-02 -6.659839018956403844e-02 0.000000000000000000e+00
-2.627515059992267810e-02 -6.649008136049255890e-02 0.000000000000000000e+00
-2.623425451872506836e-02 -6.638184053281190322e-02 0.000000000000000000e+00
-2.619318713306085372e-02 -6.627366739312118282e-02 0.000000000000000000e+00
-2.615194952996835118e-02 -6.616556162801970342e-02 0.000000000000000000e+00
-2.611054279648588120e-02 -6.605752292410665971e-02 0.000000000000000000e+00
-2.606896801965174690e-02 -6.594955096798127414e-02 0.000000000000000000e+00
-2.602722628650428957e-02 -6.584164544624278304e-02 0.000000000000000000e+00
-2.598531868408180193e-02 -6.573380604549038109e-02 0.000000000000000000e+00
-2.594324629942262178e-02 -6.562603245232331850e-02 0.000000000000000000e+00
-2.590101021956505226e-02 -6.551832435334080385e-02 0.000000000000000000e+00
-2.585861153154742076e-02 -6.541068143514208733e-02 0.000000000000000000e+00
-2.581605132240803735e-02 -6.530310338432637751e-02 0.000000000000000000e+00
-2.577333067918521556e-02 -6.519558988749285522e-02 0.000000000000000000e+00
-2.573045068891728973e-02 -6.508814063124079841e-02 0.000000000000000000e+00
-2.568741243864256299e-02 -6.498075530216942952e-02 0.000000000000000000e+00
-2.564421701539934539e-02 -6.487343358687795714e-02 0.000000000000000000e+00
-2.560086550622597823e-02 -6.476617517196560370e-02 0.000000000000000000e+00
-2.555735899816075421e-02 -6.465897974403156390e-02 0.000000000000000000e+00
-2.551369857824201115e-02 -6.455184698967512957e-02 0.000000000000000000e+00
-2.546988533350805217e-02 -6.444477659549546766e-02 0.000000000000000000e+00
-2.542592035099720121e-02 -6.433776824809182837e-02 0.000000000000000000e+00
-2.538180471774777180e-02 -6.423082163406343414e-02 0.000000000000000000e+00
-2.533753952079808441e-02 -6.412393644000947968e-02 0.000000000000000000e+00
-2.529312584718645257e-02 -6.401711235252921517e-02 0.000000000000000000e+00
-2.524856478395120715e-02 -6.391034905822186307e-02 0.000000000000000000e+00
-2.520385741813064087e-02 -6.380364624368665971e-02 0.000000000000000000e+00
-2.515900483676308461e-02 -6.369700359552278590e-02 0.000000000000000000e+00
-2.511400812688685535e-02 -6.359042080032950572e-02 0.000000000000000000e+00
-2.506886837554028052e-02 -6.348389754470602775e-02 0.000000000000000000e+00
-2.502358666976165630e-02 -6.337743351525156055e-02 0.000000000000000000e+00
-2.497816409658931355e-02 -6.327102839856535432e-02 0.000000000000000000e+00
-2.493260174306157276e-02 -6.316468188124661765e-02 0.000000000000000000e+00
-2.488690069621674397e-02 -6.305839364989458684e-02 0.000000000000000000e+00
-2.484106204309314767e-02 -6.295216339110847048e-02 0.000000000000000000e+00
-2.479508687072910084e-02 -6.284599079148751877e-02 0.000000000000000000e+00
-2.474897626616291355e-02 -6.273987553763091252e-02 0.000000000000000000e+00
-2.470273131643291320e-02 -6.263381731613790193e-02 0.000000000000000000e+00
-2.465635310857740292e-02 -6.252781581360768171e-02 0.000000000000000000e+00
-2.460984272963472400e-02 -6.242187071663952980e-02 0.000000000000000000e+00
-2.456320126664316914e-02 -6.231598171183263396e-02 0.000000000000000000e+00
-2.451642980664107616e-02 -6.221014848578623746e-02 0.000000000000000000e+00
-2.446952943666674818e-02 -6.210437072509953499e-02 0.000000000000000000e+00
-2.442250124375850220e-02 -6.199864811637176287e-02 0.000000000000000000e+00
-2.437534631495466564e-02 -6.189298034620214356e-02 0.000000000000000000e+00
-2.432806573729355201e-02 -6.178736710118991338e-02 0.000000000000000000e+00
-2.428066059781346792e-02 -6.168180806793427395e-02 0.000000000000000000e+00
-2.423313198355275117e-02 -6.157630293303447550e-02 0.000000000000000000e+00
-2.418548098154969794e-02 -6.147085138308971963e-02 0.000000000000000000e+00
-2.413770867884263913e-02 -6.136545310469924269e-02 0.000000000000000000e+00
-2.408981616246988824e-02 -6.126010778446226018e-02 0.000000000000000000e+00
-2.404180451946976230e-02 -6.115481510897800843e-02 0.000000000000000000e+00
-2.399367483688058175e-02 -6.104957476484568907e-02 0.000000000000000000e+00
-2.394542820174064973e-02 -6.094438643866453842e-02 0.000000000000000000e+00
-2.389706570108830752e-02 -6.083924981703378587e-02 0.000000000000000000e+00
-2.384858842196185477e-02 -6.073416458655263306e-02 0.000000000000000000e+00
-2.379999745139960501e-02 -6.062913043382032324e-02 0.000000000000000000e+00
-2.375129387643989953e-02 -6.052414704543608581e-02 0.000000000000000000e+00
-2.370247878412103451e-02 -6.041921410799912934e-02 0.000000000000000000e+00
-2.365355326148133389e-02 -6.031433130810869014e-02 0.000000000000000000e+00
-2.360451839555910425e-02 -6.020949833236396986e-02 0.000000000000000000e+00
-2.355537527339268342e-02 -6.010471486736421870e-02 0.000000000000000000e+00
-2.350612498202037104e-02 -5.999998059970863828e-02 0.000000000000000000e+00
-2.345676860848049800e-02 -5.989529521599646494e-02 0.000000000000000000e+00
-2.340730723981137087e-02 -5.979065840282692113e-02 0.000000000000000000e+00
-2.335774196305130668e-02 -5.968606984679921540e-02 0.000000000000000000e+00
-2.330807386523863281e-02 -5.958152923451259797e-02 0.000000000000000000e+00
-2.325830403341166627e-02 -5.947703625256627741e-02 0.000000000000000000e+00
-2.320843355460870672e-02 -5.937259058755947616e-02 0.000000000000000000e+00
-2.315846351586808849e-02 -5.926819192609141668e-02 0.000000000000000000e+00
-2.310839500422812512e-02 -5.916383995476132140e-02 0.000000000000000000e+00
-2.305822910672713361e-02 -5.905953436016842667e-02 0.000000000000000000e+00
-2.300796691040342748e-02 -5.895527482891194798e-02 0.000000000000000000e+00
-2.295760950229532374e-02 -5.885106104759109391e-02 0.000000000000000000e+00
-2.290715796944114979e-02 -5.874689270280512160e-02 0.000000000000000000e+00
-2.285661339887921223e-02 -5.864276948115321880e-02 0.000000000000000000e+00
-2.280597687764783499e-02 -5.853869106923464266e-02 0.000000000000000000e+00
-2.275524949278532813e-02 -5.843465715364858093e-02 0.000000000000000000e+00
-2.270443233133001559e-02 -5.833066742099429075e-02 0.000000000000000000e+00
-2.265352648032021438e-02 -5.822672155787098069e-02 0.000000000000000000e+00
-2.260253302679423801e-02 -5.812281925087786627e-02 0.000000000000000000e+00
-2.255145305779040696e-02 -5.801896018661418380e-02 0.000000000000000000e+00
-2.250028766034703476e-02 -5.791514405167914881e-02 0.000000000000000000e+00
-2.244903792150243840e-02 -5.781137053267198372e-02 0.000000000000000000e+00
-2.239770492829494877e-02 -5.770763931619193182e-02 0.000000000000000000e+00
-2.234628976776286205e-02 -5.760395008883819473e-02 0.000000000000000000e+00
-2.229479352694450564e-02 -5.750030253721000184e-02 0.000000000000000000e+00
-2.224321729287820348e-02 -5.739669634790657560e-02 0.000000000000000000e+00
-2.219156215260226217e-02 -5.729313120752713845e-02 0.000000000000000000e+00
-2.213982919315500564e-02 -5.718960680267093366e-02 0.000000000000000000e+00
-2.208801942026790074e-02 -5.708612282983935304e-02 0.000000000000000000e+00
-2.203613343176306916e-02 -5.698267903521234135e-02 0.000000000000000000e+00
-2.198417169781443498e-02 -5.687927518051582448e-02 0.000000000000000000e+00
-2.193213468855209625e-02 -5.677591102748110602e-02 0.000000000000000000e+00
-2.188002287410613020e-02 -5.667258633783944094e-02 0.000000000000000000e+00
-2.182783672460664182e-02 -5.656930087332211893e-02 0.000000000000000000e+00
-2.177557671018371874e-02 -5.646605439566043660e-02 0.000000000000000000e+00
-2.172324330096746248e-02 -5.636284666658566284e-02 0.000000000000000000e+00
-2.167083696708795720e-02 -5.625967744782905955e-02 0.000000000000000000e+00
-2.161835817867530096e-02 -5.615654650112194418e-02 0.000000000000000000e+00
-2.156580740585958486e-02 -5.605345358819557866e-02 0.000000000000000000e+00
-2.151318511877089654e-02 -5.595039847078123879e-02 0.000000000000000000e+00
-2.146049178753934097e-02 -5.584738091061022119e-02 0.000000000000000000e+00
-2.140772788229500234e-02 -5.574440066941380167e-02 0.000000000000000000e+00
-2.135489387316797522e-02 -5.564145750892324910e-02 0.000000000000000000e+00
-2.130199023028835070e-02 -5.553855119086986009e-02 0.000000000000000000e+00
-2.124901742378623032e-02 -5.543568147698491044e-02 0.000000000000000000e+00
-2.119597592379169823e-02 -5.533284812899967597e-02 0.000000000000000000e+00
-2.114286620043484902e-02 -5.523005090864546024e-02 0.000000000000000000e+00
-2.108968872384577725e-02 -5.512728957765351823e-02 0.000000000000000000e+00
-2.103644396415458098e-02 -5.502456389775513268e-02 0.000000000000000000e+00
-2.098313239149134438e-02 -5.492187363068160022e-02 0.000000000000000000e+00
-2.092975447598616201e-02 -5.481921853816418971e-02 0.000000000000000000e+00
-2.087631068776912846e-02 -5.471659838193417696e-02 0.000000000000000000e+00
-2.082280149697033830e-02 -5.461401292372287247e-02 0.000000000000000000e+00
-2.076922737371988958e-02 -5.451146192526153816e-02 0.000000000000000000e+00
-2.071558878814786647e-02 -5.440894514828144291e-02 0.000000000000000000e+00
-2.066188621038436007e-02 -5.430646235451389026e-02 0.000000000000000000e+00
-2.060812011055947190e-02 -5.420401330569014214e-02 0.000000000000000000e+00
-2.055429095880328266e-02 -5.410159776354149519e-02 0.000000000000000000e+00
-2.050039922524590774e-02 -5.399921548979922520e-02 0.000000000000000000e+00
-2.044644538001742090e-02 -5.389686624619459410e-02 0.000000000000000000e+00
-2.039242989324791672e-02 -5.379454979445892626e-02 0.000000000000000000e+00
-2.033835323506749670e-02 -5.369226589632346280e-02 0.000000000000000000e+00
-2.028421587560624850e-02 -5.359001431351950728e-02 0.000000000000000000e+00
-2.023001828499426669e-02 -5.348779480777834938e-02 0.000000000000000000e+00
-2.017576093336164236e-02 -5.338560714083122327e-02 0.000000000000000000e+00
-2.012144429083846317e-02 -5.328345107440945333e-02 0.000000000000000000e+00
-2.006706882755484103e-02 -5.318132637024431536e-02 0.000000000000000000e+00
-2.001263501364084971e-02 -5.307923279006708517e-02 0.000000000000000000e+00
-1.995814331922658724e-02 -5.297717009560904550e-02 0.000000000000000000e+00
-1.990359421444215168e-02 -5.287513804860145133e-02 0.000000000000000000e+00
-1.984898816941764108e-02 -5.277313641077564094e-02 0.000000000000000000e+00
-1.979432565428312571e-02 -5.267116494386284847e-02 0.000000000000000000e+00
-1.973960713916871404e-02 -5.256922340959436363e-02 0.000000000000000000e+00
-1.968483309420450411e-02 -5.246731156970147608e-02 0.000000000000000000e+00
-1.963000398952058356e-02 -5.236542918591545470e-02 0.000000000000000000e+00
-1.957512029524704350e-02 -5.226357601996760305e-02 0.000000000000000000e+00
-1.952018248151397850e-02 -5.216175183358918305e-02 0.000000000000000000e+00
-1.946519101845147967e-02 -5.205995638851148438e-02 0.000000000000000000e+00
-1.941014637618964506e-02 -5.195818944646578286e-02 0.000000000000000000e+00
-1.935504902485856230e-02 -5.185645076918336122e-02 0.000000000000000000e+00
-1.929989943458832596e-02 -5.175474011839550914e-02 0.000000000000000000e+00
-1.924469807550903064e-02 -5.165305725583349550e-02 0.000000000000000000e+00
-1.918944541775076743e-02 -5.155140194322861691e-02 0.000000000000000000e+00
-1.913414193144362743e-02 -5.144977394231214224e-02 0.000000000000000000e+00
-1.907878808671770871e-02 -5.134817301481534729e-02 0.000000000000000000e+00
-1.902338435370309888e-02 -5.124659892246951481e-02 0.000000000000000000e+00
-1.896793120252990295e-02 -5.114505142700594142e-02 0.000000000000000000e+00
-1.891242910332819466e-02 -5.104353029015588211e-02 0.000000000000000000e+00
-1.885687852622808941e-02 -5.094203527365066125e-02 0.000000000000000000e+00
-1.880127994135965749e-02 -5.084056613922152690e-02 0.000000000000000000e+00
-1.874563381885301430e-02 -5.073912264859976179e-02 0.000000000000000000e+00
-1.868994062883823012e-02 -5.063770456351664867e-02 0.000000000000000000e+00
-1.863420084144541342e-02 -5.053631164570347029e-02 0.000000000000000000e+00
-1.857841492680465181e-02 -5.043494365689152326e-02 0.000000000000000000e+00
-1.852258335504603642e-02 -5.033360035881206951e-02 0.000000000000000000e+00
-1.846670659629966876e-02 -5.023228151319639179e-02 0.000000000000000000e+00
-1.841078512069563647e-02 -5.013098688177577977e-02 0.000000000000000000e+00
-1.835481939836402371e-02 -5.002971622628150927e-02 0.000000000000000000e+00
-1.829880989943494241e-02 -4.992846930844486303e-02 0.000000000000000000e+00
-1.824275709403846979e-02 -4.982724588999711685e-02 0.000000000000000000e+00
-1.818666145230470391e-02 -4.972604573266956735e-02 0.000000000000000000e+00
-1.813052344436374280e-02 -4.962486859819348339e-02 0.000000000000000000e+00
-1.807434354034567064e-02 -4.952371424830014079e-02 0.000000000000000000e+00
-1.801812221038058895e-02 -4.942258244472083617e-02 0.000000000000000000e+00
-1.796185992459858535e-02 -4.932147294918683145e-02 0.000000000000000000e+00
-1.790555715312975096e-02 -4.922038552342942325e-02 0.000000000000000000e+00
-1.784921436610418383e-02 -4.911931992917989431e-02 0.000000000000000000e+00
-1.779283203365197852e-02 -4.901827592816952045e-02 0.000000000000000000e+00
-1.773641062590321921e-02 -4.891725328212958440e-02 0.000000000000000000e+00
-1.767995061298800741e-02 -4.881625175279134810e-02 0.000000000000000000e+00
-1.762345246503643423e-02 -4.871527110188612897e-02 0.000000000000000000e+00
-1.756691665217858730e-02 -4.861431109114518895e-02 0.000000000000000000e+00
-1.751034364454456815e-02 -4.851337148229979690e-02 0.000000000000000000e+00
-1.745373391226446788e-02 -4.841245203708127026e-02 0.000000000000000000e+00
-1.739708792546836719e-02 -4.831155251722083627e-02 0.000000000000000000e+00
-1.734040615428637799e-02 -4.821067268444982623e-02 0.000000000000000000e+00
-1.728368906884858100e-02 -4.810981230049949514e-02 0.000000000000000000e+00
-1.722693713928507425e-02 -4.800897112710113962e-02 0.000000000000000000e+00
-1.717015083572594539e-02 -4.790814892598602159e-02 0.000000000000000000e+00
-1.711333062830129592e-02 -4.780734545888543768e-02 0.000000000000000000e+00
-1.705647698714120655e-02 -4.770656048753064982e-02 0.000000000000000000e+00
-1.699959038237578574e-02 -4.760579377365297543e-02 0.000000000000000000e+00
-1.694267128413512111e-02 -4.750504507898366952e-02 0.000000000000000000e+00
-1.688572016254929684e-02 -4.740431416525401481e-02 0.000000000000000000e+00
-1.682873748774841444e-02 -4.730360079419528713e-02 0.000000000000000000e+00
-1.677172372986256155e-02 -4.720290472753878308e-02 0.000000000000000000e+00
-1.671467935902183621e-02 -4.710222572701576460e-02 0.000000000000000000e+00
-1.665760484535633301e-02 -4.700156355435755606e-02 0.000000000000000000e+00
-1.660050064599270792e-02 -4.690091797864509582e-02 0.000000000000000000e+00
-1.654336686998582676e-02 -4.680028896569431163e-02 0.000000000000000000e+00
-1.648620324870693141e-02 -4.669967669479296868e-02 0.000000000000000000e+00
-1.642900949458910367e-02 -4.659908135593299194e-02 0.000000000000000000e+00
-1.637178532006539067e-02 -4.649850313910629251e-02 0.000000000000000000e+00
-1.631453043756886725e-02 -4.639794223430475373e-02 0.000000000000000000e+00
-1.625724455953258749e-02 -4.629739883152030056e-02 0.000000000000000000e+00
-1.619992739838961235e-02 -4.619687312074481633e-02 0.000000000000000000e+00
-1.614257866657301324e-02 -4.609636529197022603e-02 0.000000000000000000e+00
-1.608519807651584768e-02 -4.599587553518842686e-02 0.000000000000000000e+00
-1.602778534065118360e-02 -4.589540404039133686e-02 0.000000000000000000e+00
-1.597034017141208545e-02 -4.579495099757084631e-02 0.000000000000000000e+00
-1.591286228123160382e-02 -4.569451659671885241e-02 0.000000000000000000e+00
-1.585535138254282050e-02 -4.559410102782729401e-02 0.000000000000000000e+00
-1.579780718777878609e-02 -4.549370448088806140e-02 0.000000000000000000e+00
-1.574022940937256851e-02 -4.539332714589305179e-02 0.000000000000000000e+00
-1.568261775975722874e-02 -4.529296921283416932e-02 0.000000000000000000e+00
-1.562497195136582431e-02 -4.519263087170333204e-02 0.000000000000000000e+00
-1.556729169663143356e-02 -4.509231231249243715e-02 0.000000000000000000e+00
-1.550957670798711052e-02 -4.499201372519340270e-02 0.000000000000000000e+00
-1.545182669786591446e-02 -4.489173529979812588e-02 0.000000000000000000e+00
-1.539404137870091678e-02 -4.479147722629849698e-02 0.000000000000000000e+00
-1.533622046292516979e-02 -4.469123969468643404e-02 0.000000000000000000e+00
-1.527836366297175355e-02 -4.459102289495386201e-02 0.000000000000000000e+00
-1.522047069127372212e-02 -4.449082701709267812e-02 0.000000000000000000e+00
-1.516254126026413476e-02 -4.439065225109475876e-02 0.000000000000000000e+00
-1.510457508237605592e-02 -4.429049878695202891e-02 0.000000000000000000e+00
-1.504657187004255180e-02 -4.419036681465639965e-02 0.000000000000000000e+00
-1.498853133569668684e-02 -4.409025652419979596e-02 0.000000000000000000e+00
-1.493045319177152552e-02 -4.399016810557408730e-02 0.000000000000000000e+00
-1.487233715070012535e-02 -4.389010174877118475e-02 0.000000000000000000e+00
-1.481418292491554906e-02 -4.379005764378300636e-02 0.000000000000000000e+00
-1.475599022685086630e-02 -4.369003598060145627e-02 0.000000000000000000e+00
-1.469775876893913633e-02 -4.359003694921843863e-02 0.000000000000000000e+00
-1.463948826361342881e-02 -4.349006073962585761e-02 0.000000000000000000e+00
-1.458117842330679433e-02 -4.339010754181562429e-02 0.000000000000000000e+00
-1.452282896045230254e-02 -4.329017754577964283e-02 0.000000000000000000e+00
-1.446443958748301790e-02 -4.319027094150980350e-02 0.000000000000000000e+00
-1.440601001683200835e-02 -4.309038791899803822e-02 0.000000000000000000e+00
-1.434753996093233140e-02 -4.299052866823623031e-02 0.000000000000000000e+00
-1.428902913221704457e-02 -4.289069337921629782e-02 0.000000000000000000e+00
-1.423047724311921405e-02 -4.279088224193012407e-02 0.000000000000000000e+00
-1.417188400607191472e-02 -4.269109544636965486e-02 0.000000000000000000e+00
-1.411324913350819887e-02 -4.259133318252678047e-02 0.000000000000000000e+00
-1.405457233786113445e-02 -4.249159564039339115e-02 0.000000000000000000e+00
-1.399585333156377898e-02 -4.239188300996140496e-02 0.000000000000000000e+00
-1.393709182704919690e-02 -4.229219548122271216e-02 0.000000000000000000e+00
-1.387828753675045788e-02 -4.219253324416925161e-02 0.000000000000000000e+00
-1.381944017310062292e-02 -4.209289648879289969e-02 0.000000000000000000e+00
-1.376054944853275126e-02 -4.199328540508558139e-02 0.000000000000000000e+00
-1.370161507547990390e-02 -4.189370018303918003e-02 0.000000000000000000e+00
-1.364263676637514702e-02 -4.179414101264560671e-02 0.000000000000000000e+00
-1.358361423365155203e-02 -4.169460808389679335e-02 0.000000000000000000e+00
-1.352454718974217297e-02 -4.159510158678461633e-02 0.000000000000000000e+00
-1.346543534708007604e-02 -4.149562171130099369e-02 0.000000000000000000e+00
-1.340627841809832396e-02 -4.139616864743783653e-02 0.000000000000000000e+00
-1.334707611522997078e-02 -4.129674258518702123e-02 0.000000000000000000e+00
-1.328782815090810004e-02 -4.119734371454050054e-02 0.000000000000000000e+00
-1.322853423756576059e-02 -4.109797222549015083e-02 0.000000000000000000e+00
-1.316919408019077281e-02 -4.099862831369793098e-02 0.000000000000000000e+00
-1.310980724283708487e-02 -4.089931228215652054e-02 0.000000000000000000e+00
-1.305037316365177495e-02 -4.080002452974518246e-02 0.000000000000000000e+00
-1.299089127635407424e-02 -4.070076545871532947e-02 0.000000000000000000e+00
-1.293136101466319660e-02 -4.060153547131835350e-02 0.000000000000000000e+00
-1.287178181229834892e-02 -4.050233496980563952e-02 0.000000000000000000e+00
-1.281215310297875720e-02 -4.040316435642860721e-02 0.000000000000000000e+00
-1.275247432042363183e-02 -4.030402403343862072e-02 0.000000000000000000e+00
-1.269274489835219705e-02 -4.020491440308711362e-02 0.000000000000000000e+00
-1.263296427048366671e-02 -4.010583586762547781e-02 0.000000000000000000e+00
-1.257313187053725814e-02 -4.000678882930508440e-02 0.000000000000000000e+00
-1.251324713223219039e-02 -3.990777369037737388e-02 0.000000000000000000e+00
-1.245330948928766689e-02 -3.980879085309368959e-02 0.000000000000000000e+00
-1.239331837542292578e-02 -3.970984071970546508e-02 0.000000000000000000e+00
-1.233327322435717396e-02 -3.961092369246409922e-02 0.000000000000000000e+00
-1.227317346980962877e-02 -3.951204017362097698e-02 0.000000000000000000e+00
-1.221301854549951098e-02 -3.941319056542750415e-02 0.000000000000000000e+00
-1.215280788514602403e-02 -3.931437527013505878e-02 0.000000000000000000e+00
-1.209254092246840086e-02 -3.921559468999506054e-02 0.000000000000000000e+00
-1.203221709118585357e-02 -3.911684922725890134e-02 0.000000000000000000e+00
-1.197183582501760123e-02 -3.901813928417799393e-02 0.000000000000000000e+00
-1.191139655768285767e-02 -3.891946526300370940e-02 0.000000000000000000e+00
-1.185089872290082808e-02 -3.882082756598743273e-02 0.000000000000000000e+00
-1.179034175439075231e-02 -3.872222659538060441e-02 0.000000000000000000e+00
-1.172972508587183729e-02 -3.862366275343460942e-02 0.000000000000000000e+00
-1.166904815106330207e-02 -3.852513644240083968e-02 0.000000000000000000e+00
-1.160831038368436048e-02 -3.842664806453067322e-02 0.000000000000000000e+00
-1.154751121745422118e-02 -3.832819802207552279e-02 0.000000000000000000e+00
-1.148665008609211884e-02 -3.822978671728680111e-02 0.000000000000000000e+00
-1.142572642331726208e-02 -3.813141455241588623e-02 0.000000000000000000e+00
-1.136473966284886825e-02 -3.803308192971419088e-02 0.000000000000000000e+00
-1.130368923840614943e-02 -3.793478925143309310e-02 0.000000000000000000e+00
-1.124257458370833164e-02 -3.783653691982399869e-02 0.000000000000000000e+00
-1.118139513247462871e-02 -3.773832533713832732e-02 0.000000000000000000e+00
-1.112015031842426144e-02 -3.764015490562744315e-02 0.000000000000000000e+00
-1.105883957527643673e-02 -3.754202602754277279e-02 0.000000000000000000e+00
-1.099746233675037189e-02 -3.744393910513567347e-02 0.000000000000000000e+00
-1.093601803656529814e-02 -3.734589454065758568e-02 0.000000000000000000e+00
-1.087450610844042237e-02 -3.724789273635988746e-02 0.000000000000000000e+00
-1.081292598609496190e-02 -3.714993409449397765e-02 0.000000000000000000e+00
-1.075127710324813926e-02 -3.705201901731126207e-02 0.000000000000000000e+00
-1.068955889361915615e-02 -3.695414790706310487e-02 0.000000000000000000e+00
-1.062777079092725070e-02 -3.685632116600095348e-02 0.000000000000000000e+00
-1.056591222889162983e-02 -3.675853919637617206e-02 0.000000000000000000e+00
-1.050398264123151085e-02 -3.666080240044018029e-02 0.000000000000000000e+00
-1.044198146166611108e-02 -3.656311118044436315e-02 0.000000000000000000e+00
-1.037990812391463916e-02 -3.646546593864009173e-02 0.000000000000000000e+00
-1.031776206169632802e-02 -3.636786707727880652e-02 0.000000000000000000e+00
-1.025554270873038631e-02 -3.627031499861189251e-02 0.000000000000000000e+00
-1.019324949873603135e-02 -3.617281010489074161e-02 0.000000000000000000e+00
-1.013088186543248392e-02 -3.607535279836675268e-02 0.000000000000000000e+00
-1.006843924253894920e-02 -3.597794348129131764e-02 0.000000000000000000e+00
-1.000592110059957650e-02 -3.588058253405305292e-02 0.000000000000000000e+00
-9.943327314571747191e-03 -3.578327009694209221e-02 0.000000000000000000e+00
-9.880658009505124614e-03 -3.568600616176986762e-02 0.000000000000000000e+00
-9.817913314157374755e-03 -3.558879071814637085e-02 0.000000000000000000e+00
-9.755093357286156661e-03 -3.549162375568156585e-02 0.000000000000000000e+00
-9.692198267649148463e-03 -3.539450526398549984e-02 0.000000000000000000e+00
-9.629228174004010946e-03 -3.529743523266815064e-02 0.000000000000000000e+00
-9.566183205108411830e-03 -3.520041365133950301e-02 0.000000000000000000e+00
-9.503063489720006696e-03 -3.510344050960954171e-02 0.000000000000000000e+00
-9.439869156596470204e-03 -3.500651579708828620e-02 0.000000000000000000e+00
-9.376600334495466607e-03 -3.490963950338572125e-02 0.000000000000000000e+00
-9.313257152174661893e-03 -3.481281161811183855e-02 0.000000000000000000e+00
-9.249839738391722049e-03 -3.471603213087664369e-02 0.000000000000000000e+00
-9.186348221904311329e-03 -3.461930103129010061e-02 0.000000000000000000e+00
-9.122782731470087045e-03 -3.452261830896223571e-02 0.000000000000000000e+00
-9.059143395846734267e-03 -3.442598395350303375e-02 0.000000000000000000e+00
-8.995430343791903371e-03 -3.432939795452249337e-02 0.000000000000000000e+00
-8.931643704063263814e-03 -3.423286030163059934e-02 0.000000000000000000e+00
-8.867783605418486786e-03 -3.413637098443736417e-02 0.000000000000000000e+00
-8.803850176615222664e-03 -3.403992999255275875e-02 0.000000000000000000e+00
-8.739843546411153047e-03 -3.394353731558678172e-02 0.000000000000000000e+00
-8.675763843563938718e-03 -3.384719294314945948e-02 0.000000000000000000e+00
-8.611611196831245665e-03 -3.375089686485074902e-02 0.000000000000000000e+00
-8.547385734970738141e-03 -3.365464907030067676e-02 0.000000000000000000e+00
-8.483087586740073460e-03 -3.355844954910919276e-02 0.000000000000000000e+00
-8.418716880896934956e-03 -3.346229829088633728e-02 0.000000000000000000e+00
-8.354273746198979944e-03 -3.336619528524208816e-02 0.000000000000000000e+00
-8.289758311403869206e-03 -3.327014052178643017e-02 0.000000000000000000e+00
-8.225170705269275670e-03 -3.317413399012937580e-02 0.000000000000000000e+00
-8.160511056552851444e-03 -3.307817567988089597e-02 0.000000000000000000e+00
-8.095779494012281599e-03 -3.298226558065101011e-02 0.000000000000000000e+00
-8.030976146405221713e-03 -3.288640368204970299e-02 0.000000000000000000e+00
-7.966101142489341244e-03 -3.279058997368698714e-02 0.000000000000000000e+00
-7.901154611022299240e-03 -3.269482444517281955e-02 0.000000000000000000e+00
-7.836136680761758219e-03 -3.259910708611721275e-02 0.000000000000000000e+00
-7.771047480465398914e-03 -3.250343788613017232e-02 0.000000000000000000e+00
-7.705887138890878639e-03 -3.240781683482168302e-02 0.000000000000000000e+00
-7.640655784795865116e-03 -3.231224392180175042e-02 0.000000000000000000e+00
-7.575353546938012189e-03 -3.221671913668034543e-02 0.000000000000000000e+00
-7.509980554075004928e-03 -3.212124246906749442e-02 0.000000000000000000e+00
-7.444536934964496311e-03 -3.202581390857316135e-02 0.000000000000000000e+00
-7.379022818364156661e-03 -3.193043344480735873e-02 0.000000000000000000e+00
-7.313438333031648496e-03 -3.183510106738008522e-02 0.000000000000000000e+00
-7.247783607724633467e-03 -3.173981676590130474e-02 0.000000000000000000e+00
-7.182058771200787971e-03 -3.164458052998105758e-02 0.000000000000000000e+00
-7.116263952217775392e-03 -3.154939234922931462e-02 0.000000000000000000e+00
-7.050399279533255646e-03 -3.145425221325607451e-02 0.000000000000000000e+00
-6.984464881904899058e-03 -3.135916011167132200e-02 0.000000000000000000e+00
-6.918460888090360340e-03 -3.126411603408505574e-02 0.000000000000000000e+00
-6.852387426847321959e-03 -3.116911997010728477e-02 0.000000000000000000e+00
-6.786244626933442096e-03 -3.107417190934799039e-02 0.000000000000000000e+00
-6.720032617106385872e-03 -3.097927184141717472e-02 0.000000000000000000e+00
-6.653751526123816672e-03 -3.088441975592481556e-02 0.000000000000000000e+00
-6.587401482743397881e-03 -3.078961564248092198e-02 0.000000000000000000e+00
-6.520982615722808497e-03 -3.069485949069550301e-02 0.000000000000000000e+00
-6.454495053819700630e-03 -3.060015129017851915e-02 0.000000000000000000e+00
-6.387938925791748941e-03 -3.050549103054000372e-02 0.000000000000000000e+00
-6.321314360396613347e-03 -3.041087870138991026e-02 0.000000000000000000e+00
-6.254621486391953762e-03 -3.031631429233826169e-02 0.000000000000000000e+00
-6.187860432535450921e-03 -3.022179779299505667e-02 0.000000000000000000e+00
-6.121031327584763003e-03 -3.012732919297026607e-02 0.000000000000000000e+00
-6.054134300297554262e-03 -3.003290848187390588e-02 0.000000000000000000e+00
-5.987169479431492421e-03 -2.993853564931596087e-02 0.000000000000000000e+00
-5.920136993744233057e-03 -2.984421068490641926e-02 0.000000000000000000e+00
-5.853036971993458640e-03 -2.974993357825528664e-02 0.000000000000000000e+00
-5.785869542936827349e-03 -2.965570431897256512e-02 0.000000000000000000e+00
-5.718634835332005173e-03 -2.956152289666823252e-02 0.000000000000000000e+00
-5.651332977936656364e-03 -2.946738930095230136e-02 0.000000000000000000e+00
-5.583964099508439104e-03 -2.937330352143472864e-02 0.000000000000000000e+00
-5.516528328805036727e-03 -2.927926554772556506e-02 0.000000000000000000e+00
-5.449025794584103945e-03 -2.918527536943476414e-02 0.000000000000000000e+00
-5.381456625603307613e-03 -2.909133297617233146e-02 0.000000000000000000e+00
-5.313820950620314586e-03 -2.899743835754826915e-02 0.000000000000000000e+00
-5.246118898392780443e-03 -2.890359150317255155e-02 0.000000000000000000e+00
-5.178350597678389386e-03 -2.880979240265520158e-02 0.000000000000000000e+00
-5.110516177234796995e-03 -2.871604104560620749e-02 0.000000000000000000e+00
-5.042615765819666654e-03 -2.862233742163554015e-02 0.000000000000000000e+00
-4.974649492190670423e-03 -2.852868152035321903e-02 0.000000000000000000e+00
-4.906617485105461279e-03 -2.843507333136922888e-02 0.000000000000000000e+00
-4.838519873321720823e-03 -2.834151284429356835e-02 0.000000000000000000e+00
-4.770356785597110703e-03 -2.824800004873623954e-02 0.000000000000000000e+00
-4.702128350689289971e-03 -2.815453493430721682e-02 0.000000000000000000e+00
-4.633834697355930683e-03 -2.806111749061650923e-02 0.000000000000000000e+00
-4.565475954354687553e-03 -2.796774770727409459e-02 0.000000000000000000e+00
-4.497052250443241313e-03 -2.787442557389000278e-02 0.000000000000000000e+00
-4.428563714379250144e-03 -2.778115108007420120e-02 0.000000000000000000e+00
-4.360010474920381768e-03 -2.768792421543668503e-02 0.000000000000000000e+00
-4.291392660824300438e-03 -2.759474496958746678e-02 0.000000000000000000e+00
-4.222710400848663469e-03 -2.750161333213651735e-02 0.000000000000000000e+00
-4.153963823751151592e-03 -2.740852929269383884e-02 0.000000000000000000e+00
-4.085153058289424724e-03 -2.731549284086944723e-02 0.000000000000000000e+00
-4.016278233221147118e-03 -2.722250396627330996e-02 0.000000000000000000e+00
-3.947339477303985628e-03 -2.712956265851544646e-02 0.000000000000000000e+00
-3.878336919295595833e-03 -2.703666890720581376e-02 0.000000000000000000e+00
-3.809270687953660202e-03 -2.694382270195444171e-02 0.000000000000000000e+00
-3.740140912035837348e-03 -2.685102403237131855e-02 0.000000000000000000e+00
-3.670947720299791960e-03 -2.675827288806642903e-02 0.000000000000000000e+00
-3.601691241503190890e-03 -2.666556925864978222e-02 0.000000000000000000e+00
-3.532371604403690586e-03 -2.657291313373134900e-02 0.000000000000000000e+00
-3.462988926687858571e-03 -2.648030450965230612e-02 0.000000000000000000e+00
-3.393543238132181675e-03 -2.638774343620250984e-02 0.000000000000000000e+00
-3.324034526596685545e-03 -2.629522998865673269e-02 0.000000000000000000e+00
-3.254462779683379124e-03 -2.620276424244662866e-02 0.000000000000000000e+00
-3.184827984994292611e-03 -2.611034627300385519e-02 0.000000000000000000e+00
-3.115130130131433216e-03 -2.601797615576005931e-02 0.000000000000000000e+00
-3.045369202696819860e-03 -2.592565396614688461e-02 0.000000000000000000e+00
-2.975545190292464524e-03 -2.583337977959597812e-02 0.000000000000000000e+00
-2.905658080520377457e-03 -2.574115367153898687e-02 0.000000000000000000e+00
-2.835707860982590589e-03 -2.564897571740758567e-02 0.000000000000000000e+00
-2.765694519281109830e-03 -2.555684599263340420e-02 0.000000000000000000e+00
-2.695618043017951933e-03 -2.546476457264808951e-02 0.000000000000000000e+00
-2.625478419795133651e-03 -2.537273153288330599e-02 0.000000000000000000e+00
-2.555275637214661760e-03 -2.528074694877067638e-02 0.000000000000000000e+00
-2.485009682878567324e-03 -2.518881089574188242e-02 0.000000000000000000e+00
-2.414680544388860158e-03 -2.509692344922856075e-02 0.000000000000000000e+00
-2.344288209347553976e-03 -2.500508468466235840e-02 0.000000000000000000e+00
-2.273832665356665100e-03 -2.491329467747492588e-02 0.000000000000000000e+00
-2.203313900018202039e-03 -2.482155350309791023e-02 0.000000000000000000e+00
-2.132731900934195859e-03 -2.472986123696297930e-02 0.000000000000000000e+00
-2.062086655706654639e-03 -2.463821795450175933e-02 0.000000000000000000e+00
-1.991378151937594695e-03 -2.454662373114591123e-02 0.000000000000000000e+00
-1.920606377229030180e-03 -2.445507864232708203e-02 0.000000000000000000e+00
-1.849771319182971123e-03 -2.436358276347691879e-02 0.000000000000000000e+00
-1.778872965401446637e-03 -2.427213617002708240e-02 0.000000000000000000e+00
-1.707911303486466968e-03 -2.418073893740921299e-02 0.000000000000000000e+00
-1.636886321040046484e-03 -2.408939114105496798e-02 0.000000000000000000e+00
-1.565798005664201286e-03 -2.399809285639598402e-02 0.000000000000000000e+00
-1.494646344960939453e-03 -2.390684415886391856e-02 0.000000000000000000e+00
-1.423431326532291832e-03 -2.381564512389042557e-02 0.000000000000000000e+00
-1.352152937980267587e-03 -2.372449582690715209e-02 0.000000000000000000e+00
-1.280811166906881083e-03 -2.363339634334575209e-02 0.000000000000000000e+00
-1.209406000914149291e-03 -2.354234674863786222e-02 0.000000000000000000e+00
-1.137937427604079638e-03 -2.345134711821513299e-02 0.000000000000000000e+00
-1.066405434578703406e-03 -2.336039752750923224e-02 0.000000000000000000e+00
-9.948100094400282381e-04 -2.326949805195178966e-02 0.000000000000000000e+00
-9.231511397900711048e-04 -2.317864876697447660e-02 0.000000000000000000e+00
-8.514288132308464813e-04 -2.308784974800892273e-02 0.000000000000000000e+00
-7.796430173643634221e-04 -2.299710107048678204e-02 0.000000000000000000e+00
-7.077937397926523403e-04 -2.290640280983971197e-02 0.000000000000000000e+00
-6.358809681177214233e-04 -2.281575504149935957e-02 0.000000000000000000e+00
-5.639046899415872064e-04 -2.272515784089737187e-02 0.000000000000000000e+00
-4.918648928662645988e-04 -2.263461128346540285e-02 0.000000000000000000e+00
-4.197615644937620588e-04 -2.254411544463508915e-02 0.000000000000000000e+00
-3.475946924261110295e-04 -2.245367039983809862e-02 0.000000000000000000e+00
-2.753642642653186139e-04 -2.236327622450607483e-02 0.000000000000000000e+00
-2.030702676134017270e-04 -2.227293299407066135e-02 0.000000000000000000e+00
-1.307126900723756845e-04 -2.218264078396351910e-02 0.000000000000000000e+00
-5.829151924424848382e-05 -2.209239966961627777e-02 0.000000000000000000e+00
1.419325726894921446e-05 -2.200220972646061215e-02 0.000000000000000000e+00
8.674165186520806786e-05 -2.191207102992815542e-02 0.000000000000000000e+00
1.593536769425134552e-04 -2.182198365545056848e-02 0.000000000000000000e+00
2.320293448988486275e-04 -2.173194767845949144e-02 0.000000000000000000e+00
3.047686681322071866e-04 -2.164196317438657133e-02 0.000000000000000000e+00
3.775716590405558460e-04 -2.155203021866346907e-02 0.000000000000000000e+00
4.504383300218879095e-04 -2.146214888672183518e-02 0.000000000000000000e+00
5.233686934741867873e-04 -2.137231925399330976e-02 0.000000000000000000e+00
5.963627617954376245e-04 -2.128254139590955024e-02 0.000000000000000000e+00
6.694205473836316918e-04 -2.119281538790218633e-02 0.000000000000000000e+00
7.425420626367378171e-04 -2.110314130540289629e-02 0.000000000000000000e+00
8.157273199527480300e-04 -2.101351922384332022e-02 0.000000000000000000e+00
8.889763317296469876e-04 -2.092394921865510515e-02 0.000000000000000000e+00
9.622891103654180461e-04 -2.083443136526990161e-02 0.000000000000000000e+00
1.035665668258053994e-03 -2.074496573911934968e-02 0.000000000000000000e+00
1.109106017805523009e-03 -2.065555241563511377e-02 0.000000000000000000e+00
1.182610171405817662e-03 -2.056619147024884783e-02 0.000000000000000000e+00
1.256178141456921202e-03 -2.047688297839218505e-02 0.000000000000000000e+00
1.329809940356827067e-03 -2.038762701549676898e-02 0.000000000000000000e+00
1.403505580503502893e-03 -2.029842365699428136e-02 0.000000000000000000e+00
1.477265074294939733e-03 -2.020927297831634842e-02 0.000000000000000000e+00
1.551088434129124088e-03 -2.012017505489462413e-02 0.000000000000000000e+00
1.624975672404038989e-03 -2.003112996216076247e-02 0.000000000000000000e+00
1.698926801517676357e-03 -1.994213777554639661e-02 0.000000000000000000e+00
1.772941833868004694e-03 -1.985319857048319786e-02 0.000000000000000000e+00
1.847020781853016790e-03 -1.976431242240281327e-02 0.000000000000000000e+00
1.921163657870696324e-03 -1.967547940673688642e-02 0.000000000000000000e+00
1.995370474319026980e-03 -1.958669959891706433e-02 0.000000000000000000e+00
2.069641243596002413e-03 -1.949797307437499058e-02 0.000000000000000000e+00
2.143975978099590257e-03 -1.940929990854233650e-02 0.000000000000000000e+00
2.218374690227781568e-03 -1.932068017685073871e-02 0.000000000000000000e+00
2.292837392378561760e-03 -1.923211395473184773e-02 0.000000000000000000e+00
2.367364096949915384e-03 -1.914360131761731060e-02 0.000000000000000000e+00
2.441954816339833925e-03 -1.905514234093877435e-02 0.000000000000000000e+00
2.516609562946285454e-03 -1.896673710012789990e-02 0.000000000000000000e+00
2.591328349167262759e-03 -1.887838567061633777e-02 0.000000000000000000e+00
2.666111187400749521e-03 -1.879008812783573151e-02 0.000000000000000000e+00
2.740958090044730722e-03 -1.870184454721772471e-02 0.000000000000000000e+00
2.815869069497198285e-03 -1.861365500419396787e-02 0.000000000000000000e+00
2.890844138156120277e-03 -1.852551957419612885e-02 0.000000000000000000e+00
2.965883308419488187e-03 -1.843743833265584081e-02 0.000000000000000000e+00
3.040986592685287430e-03 -1.834941135500475773e-02 0.000000000000000000e+00
3.116154003351501688e-03 -1.826143871667453011e-02 0.000000000000000000e+00
3.191385552816124183e-03 -1.817352049309679807e-02 0.000000000000000000e+00
3.266681253474903839e-03 -1.808565675970140105e-02 0.000000000000000000e+00
3.342041044391027768e-03 -1.799784753139137966e-02 0.000000000000000000e+00
3.417464598243284170e-03 -1.791009260320326757e-02 0.000000000000000000e+00
3.492951527242307754e-03 -1.782239172026476789e-02 0.000000000000000000e+00
3.568501443598744941e-03 -1.773474462770358029e-02 0.000000000000000000e+00
3.644113959523216130e-03 -1.764715107064745298e-02 0.000000000000000000e+00
3.719788687226363837e-03 -1.755961079422408214e-02 0.000000000000000000e+00
3.795525238918827544e-03 -1.747212354356118477e-02 0.000000000000000000e+00
3.871323226811241528e-03 -1.738468906378648482e-02 0.000000000000000000e+00
3.947182263114254810e-03 -1.729730710002769234e-02 0.000000000000000000e+00
4.023101960038482153e-03 -1.720997739741252433e-02 0.000000000000000000e+00
4.099081929794572143e-03 -1.712269970106870126e-02 0.000000000000000000e+00
4.175121784593161661e-03 -1.703547375612393319e-02 0.000000000000000000e+00
4.251221136644884116e-03 -1.694829930770594059e-02 0.000000000000000000e+00
4.327379598160388530e-03 -1.686117610094242658e-02 0.000000000000000000e+00
4.403596781350291832e-03 -1.677410388096112898e-02 0.000000000000000000e+00
4.479872298425241310e-03 -1.668708239288975437e-02 0.000000000000000000e+00
4.556205761595871241e-03 -1.660011138185601282e-02 0.000000000000000000e+00
4.632596783072821973e-03 -1.651319059298763520e-02 0.000000000000000000e+00
4.709044975066734723e-03 -1.642631977141231422e-02 0.000000000000000000e+00
4.785549949788231623e-03 -1.633949866225778424e-02 0.000000000000000000e+00
4.862111319447954758e-03 -1.625272701065175185e-02 0.000000000000000000e+00
4.938728696256546209e-03 -1.616600456172195138e-02 0.000000000000000000e+00
5.015401692424638520e-03 -1.607933106059607556e-02 0.000000000000000000e+00
5.092129920162879846e-03 -1.599270625240184832e-02 0.000000000000000000e+00
5.168912991681885380e-03 -1.590612988226699012e-02 0.000000000000000000e+00
5.245750519192304145e-03 -1.581960169531921798e-02 0.000000000000000000e+00
5.322642114904773021e-03 -1.573312143668624541e-02 0.000000000000000000e+00
5.399587391029927151e-03 -1.564668885149578942e-02 0.000000000000000000e+00
5.476585959778410354e-03 -1.556030368487555139e-02 0.000000000000000000e+00
5.553637433360845629e-03 -1.547396568195327435e-02 0.000000000000000000e+00
5.630741423987875062e-03 -1.538767458785665621e-02 0.000000000000000000e+00
5.707897543870138132e-03 -1.530143014771341743e-02 0.000000000000000000e+00
5.785105405218278658e-03 -1.521523210665126635e-02 0.000000000000000000e+00
5.862364620242915304e-03 -1.512908020979793558e-02 0.000000000000000000e+00
5.939674801154695358e-03 -1.504297420228113517e-02 0.000000000000000000e+00
6.017035560164253095e-03 -1.495691382922857346e-02 0.000000000000000000e+00
6.094446509482229733e-03 -1.487089883576797784e-02 0.000000000000000000e+00
6.171907261319264752e-03 -1.478492896702704278e-02 0.000000000000000000e+00
6.249417427885980286e-03 -1.469900396813351474e-02 0.000000000000000000e+00
6.326976621393021888e-03 -1.461312358421509167e-02 0.000000000000000000e+00
6.404584454051028171e-03 -1.452728756039949401e-02 0.000000000000000000e+00
6.482240538070631677e-03 -1.444149564181443704e-02 0.000000000000000000e+00
6.559944485662480562e-03 -1.435574757358762561e-02 0.000000000000000000e+00
6.637695909037193490e-03 -1.427004310084679754e-02 0.000000000000000000e+00
6.715494420405416012e-03 -1.418438196871965769e-02 0.000000000000000000e+00
6.793339631977783274e-03 -1.409876392233392131e-02 0.000000000000000000e+00
6.871231156766235623e-03 -1.401318870748816982e-02 0.000000000000000000e+00
6.949168823196401161e-03 -1.392765625032919147e-02 0.000000000000000000e+00
7.027152964871155247e-03 -1.384216689994730541e-02 0.000000000000000000e+00
7.105183987723228886e-03 -1.375672106598864290e-02 0.000000000000000000e+00
7.183262297685344411e-03 -1.367131915809934213e-02 0.000000000000000000e+00
7.261388300690223285e-03 -1.358596158592554996e-02 0.000000000000000000e+00
7.339562402670597382e-03 -1.350064875911339418e-02 0.000000000000000000e+00
7.417785009559169085e-03 -1.341538108730903206e-02 0.000000000000000000e+00
7.496056527288669398e-03 -1.333015898015859658e-02 0.000000000000000000e+00
7.574377361791823256e-03 -1.324498284730822942e-02 0.000000000000000000e+00
7.652747919001346918e-03 -1.315985309840406355e-02 0.000000000000000000e+00
7.731168604849975728e-03 -1.307477014309223889e-02 0.000000000000000000e+00
7.809639825270413803e-03 -1.298973439101890927e-02 0.000000000000000000e+00
7.888161986195386943e-03 -1.290474625183020592e-02 0.000000000000000000e+00
7.966735493557620951e-03 -1.281980613517226877e-02 0.000000000000000000e+00
8.045360753289838157e-03 -1.273491445069124470e-02 0.000000000000000000e+00
8.124038171324768701e-03 -1.265007160803325627e-02 0.000000000000000000e+00
8.202768153595114964e-03 -1.256527801684446596e-02 0.000000000000000000e+00
8.281551106033610554e-03 -1.248053408677099983e-02 0.000000000000000000e+00
8.360387434572971732e-03 -1.239584022745900301e-02 0.000000000000000000e+00
8.439277545145926901e-03 -1.231119684855461541e-02 0.000000000000000000e+00
8.518221843685204464e-03 -1.222660435970397003e-02 0.000000000000000000e+00
8.597220736123508539e-03 -1.214206317055322240e-02 0.000000000000000000e+00
8.676274628393567528e-03 -1.205757369074850205e-02 0.000000000000000000e+00
8.755383926428108102e-03 -1.197313632993595237e-02 0.000000000000000000e+00
8.834549036159846519e-03 -1.188875149776171328e-02 0.000000000000000000e+00
8.913770363521514653e-03 -1.180441960387191083e-02 0.000000000000000000e+00
8.993048314445823560e-03 -1.172014105791271271e-02 0.000000000000000000e+00
9.072383294865494704e-03 -1.163591626953024323e-02 0.000000000000000000e+00
9.151775710713254755e-03 -1.155174564837064578e-02 0.000000000000000000e+00
9.231225967921825176e-03 -1.146762960408005683e-02 0.000000000000000000e+00
9.310734472423936106e-03 -1.138356854630460935e-02 0.000000000000000000e+00
9.390301630152288193e-03 -1.129956288469046582e-02 0.000000000000000000e+00
9.469927847039618513e-03 -1.121561302888375057e-02 0.000000000000000000e+00
9.549613529018645061e-03 -1.113171938853061045e-02 0.000000000000000000e+00
9.629359082022092772e-03 -1.104788237327718019e-02 0.000000000000000000e+00
9.709164911982688315e-03 -1.096410239276959277e-02 0.000000000000000000e+00
9.789031424833135805e-03 -1.088037985665400720e-02 0.000000000000000000e+00
9.868959026506170587e-03 -1.079671517457655647e-02 0.000000000000000000e+00
9.948948122934512389e-03 -1.071310875618337703e-02 0.000000000000000000e+00
1.002899912005088094e-02 -1.062956101112061055e-02 0.000000000000000000e+00
1.010911242378800812e-02 -1.054607234903439002e-02 0.000000000000000000e+00
1.018928844007859977e-02 -1.046264317957087096e-02 0.000000000000000000e+00
1.026952757485538256e-02 -1.037927391237618638e-02 0.000000000000000000e+00
1.034983023405108490e-02 -1.029596495709647445e-02 0.000000000000000000e+00
1.043019682359842132e-02 -1.021271672337787859e-02 0.000000000000000000e+00
1.051062774943012715e-02 -1.012952962086652829e-02 0.000000000000000000e+00
1.059112341731235397e-02 -1.004640405969028406e-02 0.000000000000000000e+00
1.067168421803773963e-02 -9.963340493283895719e-03 0.000000000000000000e+00
1.075231051575553480e-02 -9.880339452140889100e-03 0.000000000000000000e+00
1.083300267186864362e-02 -9.797401474697837315e-03 0.000000000000000000e+00
1.091376104777994939e-02 -9.714527099391342957e-03 0.000000000000000000e+00
1.099458600489236319e-02 -9.631716864657982602e-03 0.000000000000000000e+00
1.107547790460879089e-02 -9.548971308934346702e-03 0.000000000000000000e+00
1.115643710833212621e-02 -9.466290970657017037e-03 0.000000000000000000e+00
1.123746397746528541e-02 -9.383676388262566712e-03 0.000000000000000000e+00
1.131855887341114662e-02 -9.301128100187603526e-03 0.000000000000000000e+00
1.139972215757261917e-02 -9.218646644868698850e-03 0.000000000000000000e+00
1.148095419135260892e-02 -9.136232560742444872e-03 0.000000000000000000e+00
1.156225533615400786e-02 -9.053886386245421636e-03 0.000000000000000000e+00
1.164362595337973920e-02 -8.971608659814207451e-03 0.000000000000000000e+00
1.172506640443267238e-02 -8.889399919885406648e-03 0.000000000000000000e+00
1.180657705071572888e-02 -8.807260704895592332e-03 0.000000000000000000e+00
1.188815825363180069e-02 -8.725191553281353221e-03 0.000000000000000000e+00
1.196981037458379193e-02 -8.643193003479274564e-03 0.000000000000000000e+00
1.205153377497461369e-02 -8.561265593925927730e-03 0.000000000000000000e+00
1.213332881620714405e-02 -8.479409863057920521e-03 0.000000000000000000e+00
1.221519585968430452e-02 -8.397626349311832980e-03 0.000000000000000000e+00
1.229713526680898186e-02 -8.315915591124241682e-03 0.000000000000000000e+00
1.237914739898408542e-02 -8.234278126931737080e-03 0.000000000000000000e+00
1.246123261761252106e-02 -8.152714495170895748e-03 0.000000000000000000e+00
1.254339128409717730e-02 -8.071225234278318547e-03 0.000000000000000000e+00
1.262562375984095653e-02 -7.989810882690583788e-03 0.000000000000000000e+00
1.270793040624676289e-02 -7.908471978844274983e-03 0.000000000000000000e+00
1.279031158471750050e-02 -7.827209061175980850e-03 0.000000000000000000e+00
1.287276765665607524e-02 -7.746022668122271894e-03 0.000000000000000000e+00
1.295529898346537215e-02 -7.664913338119758515e-03 0.000000000000000000e+00
1.303790592654829883e-02 -7.583881609605012952e-03 0.000000000000000000e+00
1.312058884730775421e-02 -7.502928021014618719e-03 0.000000000000000000e+00
1.320334810714664589e-02 -7.422053110785165400e-03 0.000000000000000000e+00
1.328618406746788147e-02 -7.341257417353228704e-03 0.000000000000000000e+00
1.336909708967434253e-02 -7.260541479155409490e-03 0.000000000000000000e+00
1.345208753516894014e-02 -7.179905834628286070e-03 0.000000000000000000e+00
1.353515576535456975e-02 -7.099351022208442823e-03 0.000000000000000000e+00
1.361830214163414071e-02 -7.018877580332465865e-03 0.000000000000000000e+00
1.370152702541055714e-02 -6.938486047436930038e-03 0.000000000000000000e+00
1.378483077808670756e-02 -6.858176961958440537e-03 0.000000000000000000e+00
1.386821376106549264e-02 -6.777950862333571337e-03 0.000000000000000000e+00
1.395167633574981823e-02 -6.697808286998910288e-03 0.000000000000000000e+00
1.403521886354259021e-02 -6.617749774391040903e-03 0.000000000000000000e+00
1.411884170584670924e-02 -6.537775862946541491e-03 0.000000000000000000e+00
1.420254522406506556e-02 -6.457887091102012915e-03 0.000000000000000000e+00
1.428632977960056505e-02 -6.378083997294032616e-03 0.000000000000000000e+00
1.437019573385611183e-02 -6.298367119959187577e-03 0.000000000000000000e+00
1.445414344346300679e-02 -6.218736992163188294e-03 0.000000000000000000e+00
1.453817266782237057e-02 -6.139193474734618190e-03 0.000000000000000000e+00
1.462228199558375345e-02 -6.059735110714244317e-03 0.000000000000000000e+00
1.470646987935926749e-02 -5.980360290020243601e-03 0.000000000000000000e+00
1.479073477176103164e-02 -5.901067402570802506e-03 0.000000000000000000e+00
1.487507512540116490e-02 -5.821854838284111835e-03 0.000000000000000000e+00
1.495948939289178450e-02 -5.742720987078343310e-03 0.000000000000000000e+00
1.504397602684499208e-02 -5.663664238871705947e-03 0.000000000000000000e+00
1.512853347987290487e-02 -5.584682983582373202e-03 0.000000000000000000e+00
1.521316020458764358e-02 -5.505775611128535876e-03 0.000000000000000000e+00
1.529785465360132025e-02 -5.426940511428376968e-03 0.000000000000000000e+00
1.538261527952605907e-02 -5.348176074400077737e-03 0.000000000000000000e+00
1.546744053497395820e-02 -5.269480689961839395e-03 0.000000000000000000e+00
1.555232887255714007e-02 -5.190852748031842337e-03 0.000000000000000000e+00
1.563727874488771846e-02 -5.112290638528270426e-03 0.000000000000000000e+00
1.572228860457780888e-02 -5.033792751369310994e-03 0.000000000000000000e+00
1.580735690423953899e-02 -4.955357476473143570e-03 0.000000000000000000e+00
1.589248209648499999e-02 -4.876983203757971098e-03 0.000000000000000000e+00
1.597766263392631780e-02 -4.798668323141972239e-03 0.000000000000000000e+00
1.606289696917560100e-02 -4.720411224543331723e-03 0.000000000000000000e+00
1.614818355484498938e-02 -4.642210297880230811e-03 0.000000000000000000e+00
1.623352084354656374e-02 -4.564063933070869848e-03 0.000000000000000000e+00
1.631890728789245695e-02 -4.485970520033429228e-03 0.000000000000000000e+00
1.640434134049477757e-02 -4.407928448686093681e-03 0.000000000000000000e+00
1.648982145396564111e-02 -4.329936108947050541e-03 0.000000000000000000e+00
1.657534608091718042e-02 -4.251991890734479335e-03 0.000000000000000000e+00
1.666091367396147979e-02 -4.174094183966580406e-03 0.000000000000000000e+00
1.674652268571067207e-02 -4.096241378561535883e-03 0.000000000000000000e+00
1.683217156877686582e-02 -4.018431864437530497e-03 0.000000000000000000e+00
1.691785877577218003e-02 -3.940664031512750715e-03 0.000000000000000000e+00
1.700358275930873714e-02 -3.862936269705373460e-03 0.000000000000000000e+00
1.708934197199863184e-02 -3.785246968933604714e-03 0.000000000000000000e+00
1.717513486645399351e-02 -3.707594519115621403e-03 0.000000000000000000e+00
1.726095989528692379e-02 -3.629977310169609558e-03 0.000000000000000000e+00
1.734681551110955899e-02 -3.552393732013757379e-03 0.000000000000000000e+00
1.743270016653400423e-02 -3.474842174566241358e-03 0.000000000000000000e+00
1.751861231417236459e-02 -3.397321027745266175e-03 0.000000000000000000e+00
1.760455040663676252e-02 -3.319828681469010057e-03 0.000000000000000000e+00
1.769051289653930659e-02 -3.242363525655657733e-03 0.000000000000000000e+00
1.777649823649211924e-02 -3.164923950223398272e-03 0.000000000000000000e+00
1.786250487910732293e-02 -3.087508345090408599e-03 0.000000000000000000e+00
1.794853127699701581e-02 -3.010115100174892092e-03 0.000000000000000000e+00
1.803457588277331686e-02 -2.932742605395027412e-03 0.000000000000000000e+00
1.812063714904834505e-02 -2.855389250669001025e-03 0.000000000000000000e+00
1.820671352843421242e-02 -2.778053425914999396e-03 0.000000000000000000e+00
1.829280347354304490e-02 -2.700733521051200750e-03 0.000000000000000000e+00
1.837890543698693716e-02 -2.623427925995808901e-03 0.000000000000000000e+00
1.846501787137801165e-02 -2.546135030667001208e-03 0.000000000000000000e+00
