1.824710563057799911e-02 -2.152912691556002015e-03 0.000000000000000000e+00
1.815080162049438964e-02 -2.230496493158654753e-03 0.000000000000000000e+00
1.805450670892666878e-02 -2.308091622285405025e-03 0.000000000000000000e+00
1.795822091444997451e-02 -2.385698097978200538e-03 0.000000000000000000e+00
1.786194425563946558e-02 -2.463315939278986830e-03 0.000000000000000000e+00
1.776567675107027997e-02 -2.540945165229712040e-03 0.000000000000000000e+00
1.766941841931755908e-02 -2.618585794872321706e-03 0.000000000000000000e+00
1.757316927895645128e-02 -2.696237847248761799e-03 0.000000000000000000e+00
1.747692934856209801e-02 -2.773901341400981761e-03 0.000000000000000000e+00
1.738069864670964068e-02 -2.851576296370924527e-03 0.000000000000000000e+00
1.728447719197422766e-02 -2.929262731200537803e-03 0.000000000000000000e+00
1.718826500293100731e-02 -3.006960664931771030e-03 0.000000000000000000e+00
1.709206209815511759e-02 -3.084670116606568011e-03 0.000000000000000000e+00
1.699586849622170687e-02 -3.162391105266875151e-03 0.000000000000000000e+00
1.689968421570590962e-02 -3.240123649954640157e-03 0.000000000000000000e+00
1.680350927518288809e-02 -3.317867769711809866e-03 0.000000000000000000e+00
1.670734369322776636e-02 -3.395623483580330251e-03 0.000000000000000000e+00
1.661118748841570320e-02 -3.473390810602147716e-03 0.000000000000000000e+00
1.651504067932183309e-02 -3.551169769819209100e-03 0.000000000000000000e+00
1.641890328452130787e-02 -3.628960380273461676e-03 0.000000000000000000e+00
1.632277532258926550e-02 -3.706762661006850982e-03 0.000000000000000000e+00
1.622665681210086128e-02 -3.784576631061325157e-03 0.000000000000000000e+00
1.613054777163122622e-02 -3.862402309478828871e-03 0.000000000000000000e+00
1.603444821975550522e-02 -3.940239715301310265e-03 0.000000000000000000e+00
1.593835817504885705e-02 -4.018088867570716177e-03 0.000000000000000000e+00
1.584227765608640925e-02 -4.095949785328991712e-03 0.000000000000000000e+00
1.574620668144331367e-02 -4.173822487618083707e-03 0.000000000000000000e+00
1.565014526969471867e-02 -4.251706993479940737e-03 0.000000000000000000e+00
1.555409343941575873e-02 -4.329603321956507038e-03 0.000000000000000000e+00
1.545805120918158047e-02 -4.407511492089730316e-03 0.000000000000000000e+00
1.536201859756733575e-02 -4.485431522921555676e-03 0.000000000000000000e+00
1.526599562314816423e-02 -4.563363433493933426e-03 0.000000000000000000e+00
1.516998230449920736e-02 -4.641307242848807801e-03 0.000000000000000000e+00
1.507397866019561349e-02 -4.719262970028124775e-03 0.000000000000000000e+00
1.497798470881252057e-02 -4.797230634073831185e-03 0.000000000000000000e+00
1.488200046892508045e-02 -4.875210254027874737e-03 0.000000000000000000e+00
1.478602595910843455e-02 -4.953201848932200536e-03 0.000000000000000000e+00
1.469006119793772602e-02 -5.031205437828758023e-03 0.000000000000000000e+00
1.459410620398809803e-02 -5.109221039759489699e-03 0.000000000000000000e+00
1.449816099583470068e-02 -5.187248673766346740e-03 0.000000000000000000e+00
1.440222559205267365e-02 -5.265288358891274251e-03 0.000000000000000000e+00
1.430630001121715837e-02 -5.343340114176214732e-03 0.000000000000000000e+00
1.421038427190330321e-02 -5.421403958663118493e-03 0.000000000000000000e+00
1.411447839268625132e-02 -5.499479911393934106e-03 0.000000000000000000e+00
1.401858239214114760e-02 -5.577567991410604074e-03 0.000000000000000000e+00
1.392269628884313173e-02 -5.655668217755077838e-03 0.000000000000000000e+00
1.382682010136735903e-02 -5.733780609469300502e-03 0.000000000000000000e+00
1.373095384828896051e-02 -5.811905185595218036e-03 0.000000000000000000e+00
1.363509754818308974e-02 -5.890041965174780750e-03 0.000000000000000000e+00
1.353925121962488987e-02 -5.968190967249931145e-03 0.000000000000000000e+00
1.344341488118949712e-02 -6.046352210862616927e-03 0.000000000000000000e+00
1.334758855145207028e-02 -6.124525715054786670e-03 0.000000000000000000e+00
1.325177224898773515e-02 -6.202711498868382009e-03 0.000000000000000000e+00
1.315596599237165050e-02 -6.280909581345354986e-03 0.000000000000000000e+00
1.306016980017895429e-02 -6.359119981527653308e-03 0.000000000000000000e+00
1.296438369098479315e-02 -6.437342718457216006e-03 0.000000000000000000e+00
1.286860768336431371e-02 -6.515577811175996860e-03 0.000000000000000000e+00
1.277284179589265392e-02 -6.593825278725940972e-03 0.000000000000000000e+00
1.267708604714495695e-02 -6.672085140148990845e-03 0.000000000000000000e+00
1.258134045569637809e-02 -6.750357414487098522e-03 0.000000000000000000e+00
1.248560504012205009e-02 -6.828642120782207371e-03 0.000000000000000000e+00
1.238987981899712654e-02 -6.906939278076264233e-03 0.000000000000000000e+00
1.229416481089674017e-02 -6.985248905411215944e-03 0.000000000000000000e+00
1.219846003439604455e-02 -7.063571021829009346e-03 0.000000000000000000e+00
1.210276550807018112e-02 -7.141905646371593877e-03 0.000000000000000000e+00
1.200708125049429649e-02 -7.220252798080912908e-03 0.000000000000000000e+00
1.191140728024352863e-02 -7.298612495998909808e-03 0.000000000000000000e+00
1.181574361589302936e-02 -7.376984759167539221e-03 0.000000000000000000e+00
1.172009027601793839e-02 -7.455369606628742783e-03 0.000000000000000000e+00
1.162444727919340060e-02 -7.533767057424468200e-03 0.000000000000000000e+00
1.152881464399455567e-02 -7.612177130596659708e-03 0.000000000000000000e+00
1.143319238899655893e-02 -7.690599845187266748e-03 0.000000000000000000e+00
1.133758053277454658e-02 -7.769035220238235291e-03 0.000000000000000000e+00
1.124197909390366179e-02 -7.847483274791513044e-03 0.000000000000000000e+00
1.114638809095905292e-02 -7.925944027889042509e-03 0.000000000000000000e+00
1.105080754251586486e-02 -8.004417498572780065e-03 0.000000000000000000e+00
1.095523746714923904e-02 -8.082903705884658674e-03 0.000000000000000000e+00
1.085967788343432036e-02 -8.161402668866635582e-03 0.000000000000000000e+00
1.076412880994625024e-02 -8.239914406560650689e-03 0.000000000000000000e+00
1.066859026526018224e-02 -8.318438938008656039e-03 0.000000000000000000e+00
1.057306226795124739e-02 -8.396976282252595000e-03 0.000000000000000000e+00
1.047754483659460098e-02 -8.475526458334414412e-03 0.000000000000000000e+00
1.038203798976537924e-02 -8.554089485296061113e-03 0.000000000000000000e+00
1.028654174603872880e-02 -8.632665382179481942e-03 0.000000000000000000e+00
1.019105612398980149e-02 -8.711254168026625472e-03 0.000000000000000000e+00
1.009558114219373352e-02 -8.789855861879433338e-03 0.000000000000000000e+00
1.000011681922566807e-02 -8.868470482779859318e-03 0.000000000000000000e+00
9.904663173660755229e-03 -8.947098049769839842e-03 0.000000000000000000e+00
9.809220224074134686e-03 -9.025738581891332157e-03 0.000000000000000000e+00
9.713787989040951337e-03 -9.104392098186281368e-03 0.000000000000000000e+00
9.618366487136351811e-03 -9.183058617696625639e-03 0.000000000000000000e+00
9.522955736935479268e-03 -9.261738159464320483e-03 0.000000000000000000e+00
9.427555757013473398e-03 -9.340430742531307534e-03 0.000000000000000000e+00
9.332166565945484299e-03 -9.419136385939531897e-03 0.000000000000000000e+00
9.236788182306655132e-03 -9.497855108730949084e-03 0.000000000000000000e+00
9.141420624672130790e-03 -9.576586929947497259e-03 0.000000000000000000e+00
9.046063911617054434e-03 -9.655331868631126732e-03 0.000000000000000000e+00
8.950718061716562285e-03 -9.734089943823780872e-03 0.000000000000000000e+00
8.855383093545814849e-03 -9.812861174567409986e-03 0.000000000000000000e+00
8.760059025679944877e-03 -9.891645579903959179e-03 0.000000000000000000e+00
8.664745876694097265e-03 -9.970443178875375290e-03 0.000000000000000000e+00
8.569443665163423846e-03 -1.004925399052360516e-02 0.000000000000000000e+00
8.474152409663059105e-03 -1.012807803389059215e-02 0.000000000000000000e+00
8.378872128768153141e-03 -1.020691532801828831e-02 0.000000000000000000e+00
8.283602841053845645e-03 -1.028576589194863528e-02 0.000000000000000000e+00
8.188344565095286715e-03 -1.036462974472358509e-02 0.000000000000000000e+00
8.093097319467616041e-03 -1.044350690538507938e-02 0.000000000000000000e+00
7.997861122745981988e-03 -1.052239739297506846e-02 0.000000000000000000e+00
7.902635993505525980e-03 -1.060130122653549743e-02 0.000000000000000000e+00
7.807421950321388575e-03 -1.068021842510830967e-02 0.000000000000000000e+00
7.712219011768719872e-03 -1.075914900773545547e-02 0.000000000000000000e+00
7.617027196422664764e-03 -1.083809299345888169e-02 0.000000000000000000e+00
7.521846522858363811e-03 -1.091705040132053516e-02 0.000000000000000000e+00
7.426677009650961038e-03 -1.099602125036236097e-02 0.000000000000000000e+00
7.331518675375603943e-03 -1.107500555962630598e-02 0.000000000000000000e+00
7.236371538607431347e-03 -1.115400334815431702e-02 0.000000000000000000e+00
7.141235617921593351e-03 -1.123301463498833919e-02 0.000000000000000000e+00
7.046110931893233113e-03 -1.131203943917032106e-02 0.000000000000000000e+00
6.950997499097490324e-03 -1.139107777974220775e-02 0.000000000000000000e+00
6.855895338109515950e-03 -1.147012967574594956e-02 0.000000000000000000e+00
6.760804467504449682e-03 -1.154919514622348986e-02 0.000000000000000000e+00
6.665724905857433810e-03 -1.162827421021677375e-02 0.000000000000000000e+00
6.570656671743617568e-03 -1.170736688676775328e-02 0.000000000000000000e+00
6.475599783738142379e-03 -1.178647319491836661e-02 0.000000000000000000e+00
6.380554260416155740e-03 -1.186559315371057272e-02 0.000000000000000000e+00
6.285520120352795607e-03 -1.194472678218630630e-02 0.000000000000000000e+00
6.190497382123214681e-03 -1.202387409938751768e-02 0.000000000000000000e+00
6.095486064302548315e-03 -1.210303512435615542e-02 0.000000000000000000e+00
6.000486185465945740e-03 -1.218220987613416635e-02 0.000000000000000000e+00
5.905497764188551851e-03 -1.226139837376349732e-02 0.000000000000000000e+00
5.810520819045508940e-03 -1.234060063628608997e-02 0.000000000000000000e+00
5.715555368611963637e-03 -1.241981668274389806e-02 0.000000000000000000e+00
5.620601431463053896e-03 -1.249904653217886151e-02 0.000000000000000000e+00
5.525659026173931551e-03 -1.257829020363292888e-02 0.000000000000000000e+00
5.430728171319733691e-03 -1.265754771614805395e-02 0.000000000000000000e+00
5.335808885475611281e-03 -1.273681908876617315e-02 0.000000000000000000e+00
5.240901187216704879e-03 -1.281610434052924026e-02 0.000000000000000000e+00
5.146005095118161982e-03 -1.289540349047919345e-02 0.000000000000000000e+00
5.051120627755122279e-03 -1.297471655765798475e-02 0.000000000000000000e+00
4.956247803702731533e-03 -1.305404356110756621e-02 0.000000000000000000e+00
4.861386641536133771e-03 -1.313338451986987773e-02 0.000000000000000000e+00
4.766537159830473887e-03 -1.321273945298686789e-02 0.000000000000000000e+00
4.671699377160899377e-03 -1.329210837950047658e-02 0.000000000000000000e+00
4.576873312102549066e-03 -1.337149131845266625e-02 0.000000000000000000e+00
4.482058983230569581e-03 -1.345088828888536814e-02 0.000000000000000000e+00
4.387256409120104950e-03 -1.353029930984053081e-02 0.000000000000000000e+00
4.292465608346298332e-03 -1.360972440036011324e-02 0.000000000000000000e+00
4.197686599484298960e-03 -1.368916357948604667e-02 0.000000000000000000e+00
4.102919401109243920e-03 -1.376861686626029008e-02 0.000000000000000000e+00
4.008164031796280710e-03 -1.384808427972477989e-02 0.000000000000000000e+00
3.913420510120554224e-03 -1.392756583892146988e-02 0.000000000000000000e+00
3.818688854657205888e-03 -1.400706156289230342e-02 0.000000000000000000e+00
3.723969083981383630e-03 -1.408657147067922909e-02 0.000000000000000000e+00
3.629261216668232346e-03 -1.416609558132418852e-02 0.000000000000000000e+00
3.534565271292892160e-03 -1.424563391386913028e-02 0.000000000000000000e+00
3.439881266430508400e-03 -1.432518648735600988e-02 0.000000000000000000e+00
3.345209220656225526e-03 -1.440475332082676377e-02 0.000000000000000000e+00
3.250549152545188867e-03 -1.448433443332334050e-02 0.000000000000000000e+00
3.155901080672544618e-03 -1.456392984388768692e-02 0.000000000000000000e+00
3.061265023613514002e-03 -1.464353957156182967e-02 0.000000000000000000e+00
2.966641002639822718e-03 -1.472316363796268707e-02 0.000000000000000000e+00
2.872029048812349463e-03 -1.480280207405486499e-02 0.000000000000000000e+00
2.777429195412711715e-03 -1.488245491292355602e-02 0.000000000000000000e+00
2.682841475722532593e-03 -1.496212218765395445e-02 0.000000000000000000e+00
2.588265923023420467e-03 -1.504180393133127194e-02 0.000000000000000000e+00
2.493702570596997587e-03 -1.512150017704069239e-02 0.000000000000000000e+00
2.399151451724878398e-03 -1.520121095786741185e-02 0.000000000000000000e+00
2.304612599688683414e-03 -1.528093630689662807e-02 0.000000000000000000e+00
2.210086047770029247e-03 -1.536067625721353885e-02 0.000000000000000000e+00
2.115571829250534244e-03 -1.544043084190333155e-02 0.000000000000000000e+00
2.021069977411810679e-03 -1.552020009405121262e-02 0.000000000000000000e+00
1.926580525535477552e-03 -1.559998404674237636e-02 0.000000000000000000e+00
1.832103506903152122e-03 -1.567978273306201709e-02 0.000000000000000000e+00
1.737638954796454907e-03 -1.575959618609533083e-02 0.000000000000000000e+00
1.643186902497003384e-03 -1.583942443892751017e-02 0.000000000000000000e+00
1.548747383286408312e-03 -1.591926752464375636e-02 0.000000000000000000e+00
1.454320430446289988e-03 -1.599912547632925675e-02 0.000000000000000000e+00
1.359906077258268278e-03 -1.607899832706922300e-02 0.000000000000000000e+00
1.265504357003957624e-03 -1.615888610994883900e-02 0.000000000000000000e+00
1.171115302964978542e-03 -1.623878885805329561e-02 0.000000000000000000e+00
1.076738948422943090e-03 -1.631870660446780447e-02 0.000000000000000000e+00
9.823753266594706986e-04 -1.639863938227755641e-02 0.000000000000000000e+00
8.880244709561797151e-04 -1.647858722456774228e-02 0.000000000000000000e+00
7.936864145946864258e-04 -1.655855016442355637e-02 0.000000000000000000e+00
6.993611908566067922e-04 -1.663852823493020688e-02 0.000000000000000000e+00
6.050488330235633894e-04 -1.671852146917287424e-02 0.000000000000000000e+00
5.107493743771656736e-04 -1.679852990023676315e-02 0.000000000000000000e+00
4.164628481990364909e-04 -1.687855356120707140e-02 0.000000000000000000e+00
3.221892877707883333e-04 -1.695859248516899329e-02 0.000000000000000000e+00
2.279287263740429627e-04 -1.703864670520771965e-02 0.000000000000000000e+00
1.336811972904181295e-04 -1.711871625440844827e-02 0.000000000000000000e+00
3.944673380152623080e-05 -1.719880116585637692e-02 0.000000000000000000e+00
-5.477463081101313993e-05 -1.727890147263671031e-02 0.000000000000000000e+00
-1.489828632655830726e-04 -1.735901720783463234e-02 0.000000000000000000e+00
-2.431779302805666841e-04 -1.743914840453534079e-02 0.000000000000000000e+00
-3.373597985743425785e-04 -1.751929509582402997e-02 0.000000000000000000e+00
-4.315284348652990228e-04 -1.759945731478590458e-02 0.000000000000000000e+00
-5.256838058718187002e-04 -1.767963509450615547e-02 0.000000000000000000e+00
-6.198258783122811500e-04 -1.775982846806997695e-02 0.000000000000000000e+00
-7.139546189050727416e-04 -1.784003746856256678e-02 0.000000000000000000e+00
-8.080699943685717675e-04 -1.792026212906912275e-02 0.000000000000000000e+00
-9.021719714211612904e-04 -1.800050248267483222e-02 0.000000000000000000e+00
-9.962605167812303361e-04 -1.808075856246490684e-02 0.000000000000000000e+00
-1.090335597167157522e-03 -1.816103040152452705e-02 0.000000000000000000e+00
-1.184397179297324611e-03 -1.824131803293890450e-02 0.000000000000000000e+00
-1.278445229890116507e-03 -1.832162148979321614e-02 0.000000000000000000e+00
-1.372479715663912046e-03 -1.840194080517267017e-02 0.000000000000000000e+00
-1.466500603337098953e-03 -1.848227601216245741e-02 0.000000000000000000e+00
-1.560507859628059314e-03 -1.856262714384778259e-02 0.000000000000000000e+00
-1.654501451255174782e-03 -1.864299423331383654e-02 0.000000000000000000e+00
-1.748481344936827445e-03 -1.872337731364581009e-02 0.000000000000000000e+00
-1.842447507391401992e-03 -1.880377641792890103e-02 0.000000000000000000e+00
-1.936399905337276390e-03 -1.888419157924831407e-02 0.000000000000000000e+00
-2.030338505492839448e-03 -1.896462283068923657e-02 0.000000000000000000e+00
-2.124263274576472602e-03 -1.904507020533686978e-02 0.000000000000000000e+00
-2.218174179306556856e-03 -1.912553373627640108e-02 0.000000000000000000e+00
-2.312071186401476030e-03 -1.920601345659303863e-02 0.000000000000000000e+00
-2.405954262579610911e-03 -1.928650939937196981e-02 0.000000000000000000e+00
-2.499823374559348790e-03 -1.936702159769839240e-02 0.000000000000000000e+00
-2.593678489059069153e-03 -1.944755008465750071e-02 0.000000000000000000e+00
-2.687519572797155819e-03 -1.952809489333449597e-02 0.000000000000000000e+00
-2.781346592491991312e-03 -1.960865605681457249e-02 0.000000000000000000e+00
-2.875159514861955114e-03 -1.968923360818292112e-02 0.000000000000000000e+00
-2.968958306625437121e-03 -1.976982758052474309e-02 0.000000000000000000e+00
-3.062742934500815081e-03 -1.985043800692523272e-02 0.000000000000000000e+00
-3.156513365206473683e-03 -1.993106492046958084e-02 0.000000000000000000e+00
-3.250269565460794149e-03 -2.001170835424299910e-02 0.000000000000000000e+00
-3.344011501982161166e-03 -2.009236834133066793e-02 0.000000000000000000e+00
-3.437739141488953785e-03 -2.017304491481778511e-02 0.000000000000000000e+00
-3.531452450699561034e-03 -2.025373810778955536e-02 0.000000000000000000e+00
-3.625151396332361095e-03 -2.033444795333116256e-02 0.000000000000000000e+00
-3.718835945105739092e-03 -2.041517448452781838e-02 0.000000000000000000e+00
-3.812506063738075376e-03 -2.049591773446470325e-02 0.000000000000000000e+00
-3.906161718947750734e-03 -2.057667773622701840e-02 0.000000000000000000e+00
-3.999802877453157227e-03 -2.065745452289996856e-02 0.000000000000000000e+00
-4.093429505972669136e-03 -2.073824812756873762e-02 0.000000000000000000e+00
-4.187041571224673318e-03 -2.081905858331852682e-02 0.000000000000000000e+00
-4.280639039927550127e-03 -2.089988592323453048e-02 0.000000000000000000e+00
-4.374221878799680781e-03 -2.098073018040194290e-02 0.000000000000000000e+00
-4.467790054559453439e-03 -2.106159138790596880e-02 0.000000000000000000e+00
-4.561343533925247586e-03 -2.114246957883179553e-02 0.000000000000000000e+00
-4.654882283615447043e-03 -2.122336478626462436e-02 0.000000000000000000e+00
-4.748406270348435633e-03 -2.130427704328964611e-02 0.000000000000000000e+00
-4.841915460842592840e-03 -2.138520638299206203e-02 0.000000000000000000e+00
-4.935409821816301619e-03 -2.146615283845705602e-02 0.000000000000000000e+00
-5.028889319987949261e-03 -2.154711644276984667e-02 0.000000000000000000e+00
-5.122353922075915250e-03 -2.162809722901561094e-02 0.000000000000000000e+00
-5.215803594798581674e-03 -2.170909523027955007e-02 0.000000000000000000e+00
-5.309238304874335825e-03 -2.179011047964685838e-02 0.000000000000000000e+00
-5.402658019021551114e-03 -2.187114301020273363e-02 0.000000000000000000e+00
-5.496062703958623508e-03 -2.195219285503237708e-02 0.000000000000000000e+00
-5.589452326403924684e-03 -2.203326004722097956e-02 0.000000000000000000e+00
-5.682826853075840200e-03 -2.211434461985373190e-02 0.000000000000000000e+00
-5.776186250692759080e-03 -2.219544660601584576e-02 0.000000000000000000e+00
-5.869530485973055607e-03 -2.227656603879249811e-02 0.000000000000000000e+00
-5.962859525635120540e-03 -2.235770295126889712e-02 0.000000000000000000e+00
-6.056173336397328161e-03 -2.243885737653023016e-02 0.000000000000000000e+00
-6.149471884978063158e-03 -2.252002934766169848e-02 0.000000000000000000e+00
-6.242755138095716291e-03 -2.260121889774850332e-02 0.000000000000000000e+00
-6.336023062468661843e-03 -2.268242605987583205e-02 0.000000000000000000e+00
-6.429275624815289705e-03 -2.276365086712889285e-02 0.000000000000000000e+00
-6.522512791853972425e-03 -2.284489335259285922e-02 0.000000000000000000e+00
-6.615734530303100762e-03 -2.292615354935294975e-02 0.000000000000000000e+00
-6.708940806881059406e-03 -2.300743149049435526e-02 0.000000000000000000e+00
-6.802131588306221770e-03 -2.308872720910225967e-02 0.000000000000000000e+00
-6.895306841296981216e-03 -2.317004073826186422e-02 0.000000000000000000e+00
-6.988466532571711159e-03 -2.325137211105837015e-02 0.000000000000000000e+00
-7.081610628848804961e-03 -2.333272136057697524e-02 0.000000000000000000e+00
-7.174739096846634301e-03 -2.341408851990287032e-02 0.000000000000000000e+00
-7.267851903283586469e-03 -2.349547362212125318e-02 0.000000000000000000e+00
-7.360949014878048757e-03 -2.357687670031731811e-02 0.000000000000000000e+00
-7.454030398348395446e-03 -2.365829778757625595e-02 0.000000000000000000e+00
-7.547096020413020766e-03 -2.373973691698327837e-02 0.000000000000000000e+00
-7.640145847790294660e-03 -2.382119412162356925e-02 0.000000000000000000e+00
-7.733179847198605288e-03 -2.390266943458232290e-02 0.000000000000000000e+00
-7.826197985356343409e-03 -2.398416288894474405e-02 0.000000000000000000e+00
-7.919200228981878101e-03 -2.406567451779602004e-02 0.000000000000000000e+00
-8.012186544793601858e-03 -2.414720435422135561e-02 0.000000000000000000e+00
-8.105156899509890697e-03 -2.422875243130593464e-02 0.000000000000000000e+00
-8.198111259849131041e-03 -2.431031878213496186e-02 0.000000000000000000e+00
-8.291049592529711049e-03 -2.439190343979364545e-02 0.000000000000000000e+00
-8.383971864270003266e-03 -2.447350643736715542e-02 0.000000000000000000e+00
-8.476878041788399321e-03 -2.455512780794070343e-02 0.000000000000000000e+00
-8.569768091803273494e-03 -2.463676758459947339e-02 0.000000000000000000e+00
-8.662641981033012209e-03 -2.471842580042868040e-02 0.000000000000000000e+00
-8.755499676196005360e-03 -2.480010248851351184e-02 0.000000000000000000e+00
-8.848341144010625492e-03 -2.488179768193915509e-02 0.000000000000000000e+00
-8.941166351195262499e-03 -2.496351141379081831e-02 0.000000000000000000e+00
-9.033975264468292396e-03 -2.504524371715368541e-02 0.000000000000000000e+00
-9.126767850548101607e-03 -2.512699462511296458e-02 0.000000000000000000e+00
-9.219544076153076556e-03 -2.520876417075384318e-02 0.000000000000000000e+00
-9.312303908001593258e-03 -2.529055238716152593e-02 0.000000000000000000e+00
-9.405047312812043342e-03 -2.537235930742120366e-02 0.000000000000000000e+00
-9.497774257302799353e-03 -2.545418496461806374e-02 0.000000000000000000e+00
-9.590484708192247715e-03 -2.553602939183731435e-02 0.000000000000000000e+00
-9.683178632198778321e-03 -2.561789262216415328e-02 0.000000000000000000e+00
-9.775855996040761983e-03 -2.569977468868376094e-02 0.000000000000000000e+00
-9.868516766436593798e-03 -2.578167562448135247e-02 0.000000000000000000e+00
-9.961160910104642843e-03 -2.586359546264210482e-02 0.000000000000000000e+00
-1.005378839376330595e-02 -2.594553423625122618e-02 0.000000000000000000e+00
-1.014639918413095566e-02 -2.602749197839392126e-02 0.000000000000000000e+00
-1.023899324792597494e-02 -2.610946872215536355e-02 0.000000000000000000e+00
-1.033157055186676061e-02 -2.619146450062076470e-02 0.000000000000000000e+00
-1.042413106267167482e-02 -2.627347934687530862e-02 0.000000000000000000e+00
-1.051667474705911959e-02 -2.635551329400420695e-02 0.000000000000000000e+00
-1.060920157171229596e-02 -2.643756637512034366e-02 0.000000000000000000e+00
-1.070171149565115991e-02 -2.651963862937341265e-02 0.000000000000000000e+00
-1.079420446069442874e-02 -2.660173010946347699e-02 0.000000000000000000e+00
-1.088668040631724995e-02 -2.668384086993672022e-02 0.000000000000000000e+00
-1.097913927199479188e-02 -2.676597096533938833e-02 0.000000000000000000e+00
-1.107158099720220029e-02 -2.684812045021766833e-02 0.000000000000000000e+00
-1.116400552141463137e-02 -2.693028937911777498e-02 0.000000000000000000e+00
-1.125641278410725865e-02 -2.701247780658592654e-02 0.000000000000000000e+00
-1.134880272475521576e-02 -2.709468578716832388e-02 0.000000000000000000e+00
-1.144117528283367623e-02 -2.717691337541118524e-02 0.000000000000000000e+00
-1.153353039781778756e-02 -2.725916062586071498e-02 0.000000000000000000e+00
-1.162586800918270942e-02 -2.734142759306312440e-02 0.000000000000000000e+00
-1.171818805640360145e-02 -2.742371433156463173e-02 0.000000000000000000e+00
-1.181049047895561289e-02 -2.750602089591143787e-02 0.000000000000000000e+00
-1.190277521631390861e-02 -2.758834734064975411e-02 0.000000000000000000e+00
-1.199504220795363438e-02 -2.767069372032579175e-02 0.000000000000000000e+00
-1.208729139334995852e-02 -2.775306008948576902e-02 0.000000000000000000e+00
-1.217952271197803200e-02 -2.783544650267589030e-02 0.000000000000000000e+00
-1.227173610331301103e-02 -2.791785301444235992e-02 0.000000000000000000e+00
-1.236393150683005350e-02 -2.800027967933139961e-02 0.000000000000000000e+00
-1.245610886200431561e-02 -2.808272655188921024e-02 0.000000000000000000e+00
-1.254826810831095180e-02 -2.816519368666201006e-02 0.000000000000000000e+00
-1.264040918522512345e-02 -2.824768113819600690e-02 0.000000000000000000e+00
-1.273253203222198156e-02 -2.833018896103741205e-02 0.000000000000000000e+00
-1.282463658877669270e-02 -2.841271720973242987e-02 0.000000000000000000e+00
-1.291672279436439745e-02 -2.849526593882727860e-02 0.000000000000000000e+00
-1.300879058846027107e-02 -2.857783520286816606e-02 0.000000000000000000e+00
-1.310083991053945414e-02 -2.866042505640130356e-02 0.000000000000000000e+00
-1.319287070007710456e-02 -2.874303555397288851e-02 0.000000000000000000e+00
-1.328488289654839241e-02 -2.882566675012915650e-02 0.000000000000000000e+00
-1.337687643942846172e-02 -2.890831869941629453e-02 0.000000000000000000e+00
-1.346885126819247908e-02 -2.899099145638053474e-02 0.000000000000000000e+00
-1.356080732231558852e-02 -2.907368507556806411e-02 0.000000000000000000e+00
-1.365274454127294972e-02 -2.915639961152510437e-02 0.000000000000000000e+00
-1.374466286453973098e-02 -2.923913511879787375e-02 0.000000000000000000e+00
-1.383656223159107808e-02 -2.932189165193257313e-02 0.000000000000000000e+00
-1.392844258190215415e-02 -2.940466926547542076e-02 0.000000000000000000e+00
-1.402030385494809975e-02 -2.948746801397261058e-02 0.000000000000000000e+00
-1.411214599020409015e-02 -2.957028795197036083e-02 0.000000000000000000e+00
-1.420396892714527980e-02 -2.965312913401489670e-02 0.000000000000000000e+00
-1.429577260524681620e-02 -2.973599161465241211e-02 0.000000000000000000e+00
-1.438755696398386595e-02 -2.981887544842912879e-02 0.000000000000000000e+00
-1.447932194283157309e-02 -2.990178068989124416e-02 0.000000000000000000e+00
-1.457106748126510073e-02 -2.998470739358496950e-02 0.000000000000000000e+00
-1.466279351875961375e-02 -3.006765561405653001e-02 0.000000000000000000e+00
-1.475449999479025269e-02 -3.015062540585212655e-02 0.000000000000000000e+00
-1.484618684883219110e-02 -3.023361682351797045e-02 0.000000000000000000e+00
-1.493785402036056954e-02 -3.031662992160026951e-02 0.000000000000000000e+00
-1.502950144885055288e-02 -3.039966475464523157e-02 0.000000000000000000e+00
-1.512112907377730076e-02 -3.048272137719908181e-02 0.000000000000000000e+00
-1.521273683461596415e-02 -3.056579984380801765e-02 0.000000000000000000e+00
-1.530432467084170446e-02 -3.064890020901825385e-02 0.000000000000000000e+00
-1.539589252192966919e-02 -3.073202252737599477e-02 0.000000000000000000e+00
-1.548744032735502492e-02 -3.081516685342746559e-02 0.000000000000000000e+00
-1.557896802659292437e-02 -3.089833324171886372e-02 0.000000000000000000e+00
-1.567047555911851853e-02 -3.098152174679639353e-02 0.000000000000000000e+00
-1.576196286440698091e-02 -3.106473242320628367e-02 0.000000000000000000e+00
-1.585342988193344169e-02 -3.114796532549473154e-02 0.000000000000000000e+00
-1.594487655117308653e-02 -3.123122050820795886e-02 0.000000000000000000e+00
-1.603630281160105253e-02 -3.131449802589216652e-02 0.000000000000000000e+00
-1.612770860269249415e-02 -3.139779793309356581e-02 0.000000000000000000e+00
-1.621909386392258665e-02 -3.148112028435837151e-02 0.000000000000000000e+00
-1.631045853476646712e-02 -3.156446513423279143e-02 0.000000000000000000e+00
-1.640180255469930737e-02 -3.164783253726303341e-02 0.000000000000000000e+00
-1.649312586319625143e-02 -3.173122254799530528e-02 0.000000000000000000e+00
-1.658442839973246069e-02 -3.181463522097582874e-02 0.000000000000000000e+00
-1.667571010378310001e-02 -3.189807061075081163e-02 0.000000000000000000e+00
-1.676697091482330995e-02 -3.198152877186646176e-02 0.000000000000000000e+00
-1.685821077232826579e-02 -3.206500975886898697e-02 0.000000000000000000e+00
-1.694942961577310461e-02 -3.214851362630459508e-02 0.000000000000000000e+00
-1.704062738463299129e-02 -3.223204042871950781e-02 0.000000000000000000e+00
-1.713180401838309067e-02 -3.231559022065991910e-02 0.000000000000000000e+00
-1.722295945649855026e-02 -3.239916305667205759e-02 0.000000000000000000e+00
-1.731409363845453145e-02 -3.248275899130213112e-02 0.000000000000000000e+00
-1.740520650372617828e-02 -3.256637807909632670e-02 0.000000000000000000e+00
-1.749629799178866255e-02 -3.265002037460088685e-02 0.000000000000000000e+00
-1.758736804211714563e-02 -3.273368593236201246e-02 0.000000000000000000e+00
-1.767841659418675077e-02 -3.281737480692588360e-02 0.000000000000000000e+00
-1.776944358747267749e-02 -3.290108705283876361e-02 0.000000000000000000e+00
-1.786044896145005598e-02 -3.298482272464682563e-02 0.000000000000000000e+00
-1.795143265559404414e-02 -3.306858187689627748e-02 0.000000000000000000e+00
-1.804239460937981376e-02 -3.315236456413336863e-02 0.000000000000000000e+00
-1.813333476228250196e-02 -3.323617084090425833e-02 0.000000000000000000e+00
-1.822425305377728746e-02 -3.332000076175520298e-02 0.000000000000000000e+00
-1.831514942333930043e-02 -3.340385438123237571e-02 0.000000000000000000e+00
-1.840602381044371613e-02 -3.348773175388201212e-02 0.000000000000000000e+00
-1.849687615456568901e-02 -3.357163293425031309e-02 0.000000000000000000e+00
-1.858770639518037004e-02 -3.365555797688349338e-02 0.000000000000000000e+00
-1.867851447176291715e-02 -3.373950693632774694e-02 0.000000000000000000e+00
-1.876930032378848826e-02 -3.382347986712930243e-02 0.000000000000000000e+00
-1.886006389073224473e-02 -3.390747682383436767e-02 0.000000000000000000e+00
-1.895080511206933757e-02 -3.399149786098915743e-02 0.000000000000000000e+00
-1.904152392727491774e-02 -3.407554303313985872e-02 0.000000000000000000e+00
-1.913222027582415705e-02 -3.415961239483270712e-02 0.000000000000000000e+00
-1.922289409719219605e-02 -3.424370600061390352e-02 0.000000000000000000e+00
-1.931354533085420655e-02 -3.432782390502966269e-02 0.000000000000000000e+00
-1.940417391628532912e-02 -3.441196616262618552e-02 0.000000000000000000e+00
-1.949477979296073207e-02 -3.449613282794969371e-02 0.000000000000000000e+00
-1.958536290035556987e-02 -3.458032395554639510e-02 0.000000000000000000e+00
-1.967592317794499349e-02 -3.466453959996249057e-02 0.000000000000000000e+00
-1.976646056520417125e-02 -3.474877981574420877e-02 0.000000000000000000e+00
-1.985697500160824372e-02 -3.483304465743772976e-02 0.000000000000000000e+00
-1.994746642663237923e-02 -3.491733417958928914e-02 0.000000000000000000e+00
-2.003793477975173223e-02 -3.500164843674510862e-02 0.000000000000000000e+00
-2.012838000044145370e-02 -3.508598748345136131e-02 0.000000000000000000e+00
-2.021880202817671196e-02 -3.517035137425428976e-02 0.000000000000000000e+00
-2.030920080243265452e-02 -3.525474016370008790e-02 0.000000000000000000e+00
-2.039957626268443930e-02 -3.533915390633497744e-02 0.000000000000000000e+00
-2.048992834840722074e-02 -3.542359265670515234e-02 0.000000000000000000e+00
-2.058025699907616024e-02 -3.550805646935683429e-02 0.000000000000000000e+00
-2.067056215416640877e-02 -3.559254539883623808e-02 0.000000000000000000e+00
-2.076084375315313119e-02 -3.567705949968956458e-02 0.000000000000000000e+00
-2.085110173551147153e-02 -3.576159882646302857e-02 0.000000000000000000e+00
-2.094133604071659813e-02 -3.584616343370283786e-02 0.000000000000000000e+00
-2.103154660824366889e-02 -3.593075337595520030e-02 0.000000000000000000e+00
-2.112173337756783481e-02 -3.601536870776634452e-02 0.000000000000000000e+00
-2.121189628816424338e-02 -3.610000948368245755e-02 0.000000000000000000e+00
-2.130203527950806988e-02 -3.618467575824977495e-02 0.000000000000000000e+00
-2.139215029107445487e-02 -3.626936758601447680e-02 0.000000000000000000e+00
-2.148224126233855974e-02 -3.635408502152278482e-02 0.000000000000000000e+00
-2.157230813277555281e-02 -3.643882811932092763e-02 0.000000000000000000e+00
-2.166235084186057119e-02 -3.652359693395509227e-02 0.000000000000000000e+00
-2.175236932906879014e-02 -3.660839151997150737e-02 0.000000000000000000e+00
-2.184236353387534676e-02 -3.669321193191635994e-02 0.000000000000000000e+00
-2.193233339575541285e-02 -3.677805822433588556e-02 0.000000000000000000e+00
-2.202227885418414632e-02 -3.686293045177629207e-02 0.000000000000000000e+00
-2.211219984863668775e-02 -3.694782866878376648e-02 0.000000000000000000e+00
-2.220209631858820892e-02 -3.703275292990453743e-02 0.000000000000000000e+00
-2.229196820351386082e-02 -3.711770328968481969e-02 0.000000000000000000e+00
-2.238181544288879443e-02 -3.720267980267080027e-02 0.000000000000000000e+00
-2.247163797618817807e-02 -3.728768252340872169e-02 0.000000000000000000e+00
-2.256143574288716619e-02 -3.737271150644477791e-02 0.000000000000000000e+00
-2.265120867903583010e-02 -3.745776680915664097e-02 0.000000000000000000e+00
-2.274095668028424527e-02 -3.754284852232006586e-02 0.000000000000000000e+00
-2.283067961593822706e-02 -3.762795675848922689e-02 0.000000000000000000e+00
-2.292037735485177169e-02 -3.771309163059181901e-02 0.000000000000000000e+00
-2.301004976587886497e-02 -3.779825325155549559e-02 0.000000000000000000e+00
-2.309969671787350659e-02 -3.788344173430797240e-02 0.000000000000000000e+00
-2.318931807968969278e-02 -3.796865719177690973e-02 0.000000000000000000e+00
-2.327891372018141281e-02 -3.805389973688998867e-02 0.000000000000000000e+00
-2.336848350820266984e-02 -3.813916948257491113e-02 0.000000000000000000e+00
-2.345802731260745316e-02 -3.822446654175933045e-02 0.000000000000000000e+00
-2.354754500224975899e-02 -3.830979102737096242e-02 0.000000000000000000e+00
-2.363703644598358009e-02 -3.839514305233744651e-02 0.000000000000000000e+00
-2.372650151266291266e-02 -3.848052272958649156e-02 0.000000000000000000e+00
-2.381594007114175293e-02 -3.856593017204577867e-02 0.000000000000000000e+00
-2.390535199027409366e-02 -3.865136549264298893e-02 0.000000000000000000e+00
-2.399473713891393800e-02 -3.873682880430580344e-02 0.000000000000000000e+00
-2.408409538591526136e-02 -3.882232021996189636e-02 0.000000000000000000e+00
-2.417342660013207731e-02 -3.890783985253896265e-02 0.000000000000000000e+00
-2.426273065041836818e-02 -3.899338781496466261e-02 0.000000000000000000e+00
-2.435200740562813715e-02 -3.907896422016669813e-02 0.000000000000000000e+00
-2.444125673461538042e-02 -3.916456918107274338e-02 0.000000000000000000e+00
-2.453047850623408035e-02 -3.925020281061047944e-02 0.000000000000000000e+00
-2.461967258933825051e-02 -3.933586522170760130e-02 0.000000000000000000e+00
-2.470883885278186629e-02 -3.942155652729176923e-02 0.000000000000000000e+00
-2.479797716541893085e-02 -3.950727684029067821e-02 0.000000000000000000e+00
-2.488708739610344736e-02 -3.959302627363200239e-02 0.000000000000000000e+00
-2.497616941368939469e-02 -3.967880494024342980e-02 0.000000000000000000e+00
-2.506522308703078294e-02 -3.976461295305264848e-02 0.000000000000000000e+00
-2.515424828498159793e-02 -3.985045042498733259e-02 0.000000000000000000e+00
-2.524324487639583586e-02 -3.993631746897514934e-02 0.000000000000000000e+00
-2.533221273012748603e-02 -4.002221419794380064e-02 0.000000000000000000e+00
-2.542115171503055854e-02 -4.010814072482096065e-02 0.000000000000000000e+00
-2.551006169995902878e-02 -4.019409716253431741e-02 0.000000000000000000e+00
-2.559894255376691033e-02 -4.028008362401155201e-02 0.000000000000000000e+00
-2.568779414530818206e-02 -4.036610022218032473e-02 0.000000000000000000e+00
-2.577661634343685060e-02 -4.045214706996835830e-02 0.000000000000000000e+00
-2.586540901700690523e-02 -4.053822428030329217e-02 0.000000000000000000e+00
-2.595417203487233870e-02 -4.062433196611282826e-02 0.000000000000000000e+00
-2.604290526588715418e-02 -4.071047024032466155e-02 0.000000000000000000e+00
-2.613160857890533748e-02 -4.079663921586645231e-02 0.000000000000000000e+00
-2.622028184278088828e-02 -4.088283900566588164e-02 0.000000000000000000e+00
-2.630892492636779587e-02 -4.096906972265064451e-02 0.000000000000000000e+00
-2.639753769852006687e-02 -4.105533147974841507e-02 0.000000000000000000e+00
-2.648612002809168017e-02 -4.114162438988687442e-02 0.000000000000000000e+00
-2.657467178393664239e-02 -4.122794856599371754e-02 0.000000000000000000e+00
-2.666319283490894976e-02 -4.131430412099661859e-02 0.000000000000000000e+00
-2.675168304986258114e-02 -4.140069116782325170e-02 0.000000000000000000e+00
-2.684014229765155357e-02 -4.148710981940129799e-02 0.000000000000000000e+00
-2.692857044712984246e-02 -4.157356018865844549e-02 0.000000000000000000e+00
-2.701696736715145097e-02 -4.166004238852237529e-02 0.000000000000000000e+00
-2.710533292657037879e-02 -4.174655653192076848e-02 0.000000000000000000e+00
-2.719366699424060826e-02 -4.183310273178131311e-02 0.000000000000000000e+00
-2.728196943901614949e-02 -4.191968110103169026e-02 0.000000000000000000e+00
-2.737024012975098480e-02 -4.200629175259956022e-02 0.000000000000000000e+00
-2.745847893529911390e-02 -4.209293479941263183e-02 0.000000000000000000e+00
-2.754668572451453301e-02 -4.217961035439857925e-02 0.000000000000000000e+00
-2.763486036625123141e-02 -4.226631853048506277e-02 0.000000000000000000e+00
-2.772300272936321572e-02 -4.235305944059980510e-02 0.000000000000000000e+00
-2.781111268270446135e-02 -4.243983319767045265e-02 0.000000000000000000e+00
-2.789919009512897841e-02 -4.252663991462470733e-02 0.000000000000000000e+00
-2.798723483549076310e-02 -4.261347970439024330e-02 0.000000000000000000e+00
-2.807524677264379778e-02 -4.270035267989472777e-02 0.000000000000000000e+00
-2.816322577544208908e-02 -4.278725895406588348e-02 0.000000000000000000e+00
-2.825117171273962627e-02 -4.287419863983134988e-02 0.000000000000000000e+00
-2.833908445339040211e-02 -4.296117185011882889e-02 0.000000000000000000e+00
-2.842696386624841282e-02 -4.304817869785598772e-02 0.000000000000000000e+00
-2.851480982016765461e-02 -4.313521929597052829e-02 0.000000000000000000e+00
-2.860262218400212025e-02 -4.322229375739011781e-02 0.000000000000000000e+00
-2.869040082660581636e-02 -4.330940219504245819e-02 0.000000000000000000e+00
-2.877814561683272529e-02 -4.339654472185520279e-02 0.000000000000000000e+00
-2.886585642353683978e-02 -4.348372145075605349e-02 0.000000000000000000e+00
-2.895353311557215259e-02 -4.357093249467268448e-02 0.000000000000000000e+00
-2.904117556179267035e-02 -4.365817796653276989e-02 0.000000000000000000e+00
-2.912878363105239621e-02 -4.374545797926401164e-02 0.000000000000000000e+00
-2.921635719220529864e-02 -4.383277264579407001e-02 0.000000000000000000e+00
-2.930389611410538428e-02 -4.392012207905064691e-02 0.000000000000000000e+00
-2.939140026560664934e-02 -4.400750639196140956e-02 0.000000000000000000e+00
-2.947886951556308657e-02 -4.409492569745403212e-02 0.000000000000000000e+00
-2.956630373282870608e-02 -4.418238010845623731e-02 0.000000000000000000e+00
-2.965370278625747286e-02 -4.426986973789564378e-02 0.000000000000000000e+00
-2.974106654470340741e-02 -4.435739469869999507e-02 0.000000000000000000e+00
-2.982839487702048514e-02 -4.444495510379692371e-02 0.000000000000000000e+00
-2.991568765206271616e-02 -4.453255106611413855e-02 0.000000000000000000e+00
-3.000294473868410014e-02 -4.462018269857932762e-02 0.000000000000000000e+00
-3.009016600573860903e-02 -4.470785011412015814e-02 0.000000000000000000e+00
-3.017735132208024945e-02 -4.479555342566430426e-02 0.000000000000000000e+00
-3.026450055656302110e-02 -4.488329274613946790e-02 0.000000000000000000e+00
-3.035161357804090979e-02 -4.497106818847331627e-02 0.000000000000000000e+00
-3.043869025536792561e-02 -4.505887986559354436e-02 0.000000000000000000e+00
-3.052573045739804050e-02 -4.514672789042781242e-02 0.000000000000000000e+00
-3.061273405298526804e-02 -4.523461237590382239e-02 0.000000000000000000e+00
-3.069970091098359055e-02 -4.532253343494924841e-02 0.000000000000000000e+00
-3.078663090024701468e-02 -4.541049118049177158e-02 0.000000000000000000e+00
-3.087352388962953317e-02 -4.549848572545907299e-02 0.000000000000000000e+00
-3.096037974798512837e-02 -4.558651718277884068e-02 0.000000000000000000e+00
-3.104719834416780691e-02 -4.567458566537875575e-02 0.000000000000000000e+00
-3.113397954703156154e-02 -4.576269128618648541e-02 0.000000000000000000e+00
-3.122072322543039194e-02 -4.585083415812973157e-02 0.000000000000000000e+00
-3.130742924821828393e-02 -4.593901439413616838e-02 0.000000000000000000e+00
-3.139409748424922680e-02 -4.602723210713347002e-02 0.000000000000000000e+00
-3.148072780237722718e-02 -4.611548741004932450e-02 0.000000000000000000e+00
-3.156732007145628127e-02 -4.620378041581141293e-02 0.000000000000000000e+00
-3.165387416034037837e-02 -4.629211123734743027e-02 0.000000000000000000e+00
-3.174038993788351470e-02 -4.638047998758503682e-02 0.000000000000000000e+00
-3.182686727293966567e-02 -4.646888677945190671e-02 0.000000000000000000e+00
-3.191330603436286217e-02 -4.655733172587574881e-02 0.000000000000000000e+00
-3.199970609100707963e-02 -4.664581493978424420e-02 0.000000000000000000e+00
-3.208606731172632121e-02 -4.673433653410506705e-02 0.000000000000000000e+00
-3.217238956537456923e-02 -4.682289662176588457e-02 0.000000000000000000e+00
-3.225867272080581993e-02 -4.691149531569438480e-02 0.000000000000000000e+00
-3.234491664687407647e-02 -4.700013272881826271e-02 0.000000000000000000e+00
-3.243112121243333507e-02 -4.708880897406519939e-02 0.000000000000000000e+00
-3.251728628633758500e-02 -4.717752416436286900e-02 0.000000000000000000e+00
-3.260341173744081555e-02 -4.726627841263895263e-02 0.000000000000000000e+00
-3.268949743459702989e-02 -4.735507183182113139e-02 0.000000000000000000e+00
-3.277554324666021729e-02 -4.744390453483708636e-02 0.000000000000000000e+00
-3.286154903735707261e-02 -4.753277663790210494e-02 0.000000000000000000e+00
-3.294751456403920142e-02 -4.762168832543866442e-02 0.000000000000000000e+00
-3.303343948373100442e-02 -4.771063984619848541e-02 0.000000000000000000e+00
-3.311932344954055668e-02 -4.779963145144453668e-02 0.000000000000000000e+00
-3.320516611457584311e-02 -4.788866339243969678e-02 0.000000000000000000e+00
-3.329096713194491797e-02 -4.797773592044692753e-02 0.000000000000000000e+00
-3.337672615475580778e-02 -4.806684928672915608e-02 0.000000000000000000e+00
-3.346244283611652520e-02 -4.815600374254928179e-02 0.000000000000000000e+00
-3.354811682913511062e-02 -4.824519953917025955e-02 0.000000000000000000e+00
-3.363374778691957667e-02 -4.833443692785500956e-02 0.000000000000000000e+00
-3.371933536257799152e-02 -4.842371615986645200e-02 0.000000000000000000e+00
-3.380487920921834005e-02 -4.851303748646753483e-02 0.000000000000000000e+00
-3.389037897994866266e-02 -4.860240115892116436e-02 0.000000000000000000e+00
-3.397583432787699281e-02 -4.869180742849026772e-02 0.000000000000000000e+00
-3.406124490611135702e-02 -4.878125654643778591e-02 0.000000000000000000e+00
-3.414661036775978875e-02 -4.887074876402663220e-02 0.000000000000000000e+00
-3.423193036593030758e-02 -4.896028433251976147e-02 0.000000000000000000e+00
-3.431720455373094003e-02 -4.904986350318006616e-02 0.000000000000000000e+00
-3.440243258426971262e-02 -4.913948652727049421e-02 0.000000000000000000e+00
-3.448761411065466576e-02 -4.922915365605396582e-02 0.000000000000000000e+00
-3.457274878599380513e-02 -4.931886514079340117e-02 0.000000000000000000e+00
-3.465783626339520584e-02 -4.940862123275176904e-02 0.000000000000000000e+00
-3.474287619596683890e-02 -4.949842218319193410e-02 0.000000000000000000e+00
-3.482786823681675858e-02 -4.958826824337686512e-02 0.000000000000000000e+00
-3.491281203905299141e-02 -4.967815966456947535e-02 0.000000000000000000e+00
-3.499770725578357777e-02 -4.976809669803271274e-02 0.000000000000000000e+00
-3.508255354011653032e-02 -4.985807959502948361e-02 0.000000000000000000e+00
-3.516735054515986864e-02 -4.994810860682271508e-02 0.000000000000000000e+00
-3.525209792402163311e-02 -5.003818398467533429e-02 0.000000000000000000e+00
-3.533679532980986415e-02 -5.012830597985028919e-02 0.000000000000000000e+00
-3.542144241563256052e-02 -5.021847484361047914e-02 0.000000000000000000e+00
-3.550603883459779730e-02 -5.030869082721887292e-02 0.000000000000000000e+00
-3.559058423981353858e-02 -5.039895418193833521e-02 0.000000000000000000e+00
-3.567507828438785250e-02 -5.048926515903184864e-02 0.000000000000000000e+00
-3.575952062142876559e-02 -5.057962400976231954e-02 0.000000000000000000e+00
-3.584391090404429048e-02 -5.067003098539267503e-02 0.000000000000000000e+00
-3.592824878534248839e-02 -5.076048633718585612e-02 0.000000000000000000e+00
-3.601253391843134422e-02 -5.085099031640476913e-02 0.000000000000000000e+00
-3.609676595641890529e-02 -5.094154317431234813e-02 0.000000000000000000e+00
-3.618094455241320506e-02 -5.103214516217152025e-02 0.000000000000000000e+00
-3.626506935952227006e-02 -5.112279653124523343e-02 0.000000000000000000e+00
-3.634914003085411988e-02 -5.121349753279638706e-02 0.000000000000000000e+00
-3.643315621951678102e-02 -5.130424841808792907e-02 0.000000000000000000e+00
-3.651711757861829388e-02 -5.139504943838276579e-02 0.000000000000000000e+00
-3.660102376126667806e-02 -5.148590084494383823e-02 0.000000000000000000e+00
-3.668487442056997394e-02 -5.157680288903408045e-02 0.000000000000000000e+00
-3.676866920963618723e-02 -5.166775582191641264e-02 0.000000000000000000e+00
-3.685240778157336528e-02 -5.175875989485375500e-02 0.000000000000000000e+00
-3.693608978948952071e-02 -5.184981535910904160e-02 0.000000000000000000e+00
-3.701971488649269393e-02 -5.194092246594519957e-02 0.000000000000000000e+00
-3.710328272569091840e-02 -5.203208146662517686e-02 0.000000000000000000e+00
-3.718679296019219288e-02 -5.212329261241185896e-02 0.000000000000000000e+00
-3.727024524310457859e-02 -5.221455615456820770e-02 0.000000000000000000e+00
-3.735363922753608124e-02 -5.230587234435712940e-02 0.000000000000000000e+00
-3.743697456659475509e-02 -5.239724143304156506e-02 0.000000000000000000e+00
-3.752025091338860585e-02 -5.248866367188444876e-02 0.000000000000000000e+00
-3.760346792102565311e-02 -5.258013931214868680e-02 0.000000000000000000e+00
-3.768662524261393726e-02 -5.267166860509721327e-02 0.000000000000000000e+00
-3.776972253126149176e-02 -5.276325180199296916e-02 0.000000000000000000e+00
-3.785275944007634313e-02 -5.285488915409886773e-02 0.000000000000000000e+00
-3.793573562216652484e-02 -5.294658091267784999e-02 0.000000000000000000e+00
-3.801865073064004952e-02 -5.303832732899282226e-02 0.000000000000000000e+00
-3.810150441860494369e-02 -5.313012865430672554e-02 0.000000000000000000e+00
-3.818429633916924776e-02 -5.322198513988248697e-02 0.000000000000000000e+00
-3.826702614544098824e-02 -5.331389703698304061e-02 0.000000000000000000e+00
-3.834969349052819165e-02 -5.340586459687130666e-02 0.000000000000000000e+00
-3.843229802753887758e-02 -5.349788807081021225e-02 0.000000000000000000e+00
-3.851483940958109337e-02 -5.358996771006268450e-02 0.000000000000000000e+00
-3.859731728976284471e-02 -5.368210376589164362e-02 0.000000000000000000e+00
-3.867973132119217894e-02 -5.377429648956004449e-02 0.000000000000000000e+00
-3.876208115697710177e-02 -5.386654613233077954e-02 0.000000000000000000e+00
-3.884436645022567441e-02 -5.395885294546680366e-02 0.000000000000000000e+00
-3.892658685404588176e-02 -5.405121718023103011e-02 0.000000000000000000e+00
-3.900874202154579196e-02 -5.414363908788637908e-02 0.000000000000000000e+00
-3.909083160583340377e-02 -5.423611891969579851e-02 0.000000000000000000e+00
-3.917285526001677148e-02 -5.432865692692220860e-02 0.000000000000000000e+00
-3.925481263720390079e-02 -5.442125336082852954e-02 0.000000000000000000e+00
-3.933670339050282516e-02 -5.451390847267769540e-02 0.000000000000000000e+00
-3.941852717302157805e-02 -5.460662251373262638e-02 0.000000000000000000e+00
-3.950028363786818597e-02 -5.469939573525625653e-02 0.000000000000000000e+00
-3.958197243815068239e-02 -5.479222838851152688e-02 0.000000000000000000e+00
-3.966359322697707301e-02 -5.488512072476133680e-02 0.000000000000000000e+00
-3.974514565745541905e-02 -5.497807299526862035e-02 0.000000000000000000e+00
-3.982662938269371927e-02 -5.507108545129632549e-02 0.000000000000000000e+00
-3.990804405580002101e-02 -5.516415834410737240e-02 0.000000000000000000e+00
-3.998938932988234385e-02 -5.525729192496468822e-02 0.000000000000000000e+00
-4.007066485804871431e-02 -5.535048644513117233e-02 0.000000000000000000e+00
-4.015187029340715891e-02 -5.544374215586976573e-02 0.000000000000000000e+00
-4.023300528906571111e-02 -5.553705930844343719e-02 0.000000000000000000e+00
-4.031406949813240437e-02 -5.563043815411506526e-02 0.000000000000000000e+00
-4.039506257371525133e-02 -5.572387894414759790e-02 0.000000000000000000e+00
-4.047598416892229933e-02 -5.581738192980396224e-02 0.000000000000000000e+00
-4.055683393686155408e-02 -5.591094736234708540e-02 0.000000000000000000e+00
-4.063761153064104903e-02 -5.600457549303987370e-02 0.000000000000000000e+00
-4.071831660336883152e-02 -5.609826657314528203e-02 0.000000000000000000e+00
-4.079894880815291419e-02 -5.619202085392623752e-02 0.000000000000000000e+00
-4.087950779810133051e-02 -5.628583858664565343e-02 0.000000000000000000e+00
-4.095999322632210005e-02 -5.637972002256647075e-02 0.000000000000000000e+00
-4.104040474592324933e-02 -5.647366541295159581e-02 0.000000000000000000e+00
-4.112074201001281876e-02 -5.656767500906397655e-02 0.000000000000000000e+00
-4.120100467169884179e-02 -5.666174906216655399e-02 0.000000000000000000e+00
-4.128119238408931718e-02 -5.675588782352219974e-02 0.000000000000000000e+00
-4.136130480029229922e-02 -5.685009154439389645e-02 0.000000000000000000e+00
-4.144134157341580055e-02 -5.694436047604455042e-02 0.000000000000000000e+00
-4.152130235656787544e-02 -5.703869486973709574e-02 0.000000000000000000e+00
-4.160118680285652265e-02 -5.713309497673444565e-02 0.000000000000000000e+00
-4.168099456538976871e-02 -5.722756104829955504e-02 0.000000000000000000e+00
-4.176072529727566096e-02 -5.732209333569530940e-02 0.000000000000000000e+00
-4.184037865162221898e-02 -5.741669209018465669e-02 0.000000000000000000e+00
-4.191995428153746928e-02 -5.751135756303055180e-02 0.000000000000000000e+00
-4.199945183998583104e-02 -5.760609000554217651e-02 0.000000000000000000e+00
-4.207887089227221183e-02 -5.770088969727603379e-02 0.000000000000000000e+00
-4.215821076727167827e-02 -5.779575699397558608e-02 0.000000000000000000e+00
-4.223747075439808485e-02 -5.789069226410022834e-02 0.000000000000000000e+00
-4.231665014306527223e-02 -5.798569587610934856e-02 0.000000000000000000e+00
-4.239574822268705329e-02 -5.808076819846233474e-02 0.000000000000000000e+00
-4.247476428267729642e-02 -5.817590959961858182e-02 0.000000000000000000e+00
-4.255369761244981452e-02 -5.827112044803747781e-02 0.000000000000000000e+00
-4.263254750141847599e-02 -5.836640111217841070e-02 0.000000000000000000e+00
-4.271131323899710758e-02 -5.846175196050079625e-02 0.000000000000000000e+00
-4.278999411459954300e-02 -5.855717336146401553e-02 0.000000000000000000e+00
-4.286858941763962982e-02 -5.865266568352745652e-02 0.000000000000000000e+00
-4.294709843753119483e-02 -5.874822929515050030e-02 0.000000000000000000e+00
-4.302552046368809252e-02 -5.884386456479256261e-02 0.000000000000000000e+00
-4.310385478552415661e-02 -5.893957186091301759e-02 0.000000000000000000e+00
-4.318210069245322774e-02 -5.903535155197126710e-02 0.000000000000000000e+00
-4.326025747388913961e-02 -5.913120400642669222e-02 0.000000000000000000e+00
-4.333832441924573287e-02 -5.922712959273869482e-02 0.000000000000000000e+00
-4.341630081793686202e-02 -5.932312867936667677e-02 0.000000000000000000e+00
-4.349418595937634691e-02 -5.941920163477001221e-02 0.000000000000000000e+00
-4.357197913297804204e-02 -5.951534882740810301e-02 0.000000000000000000e+00
-4.364967962815578112e-02 -5.961157062574033716e-02 0.000000000000000000e+00
-4.372728673432339092e-02 -5.970786739822610267e-02 0.000000000000000000e+00
-4.380479974089473288e-02 -5.980423951332480836e-02 0.000000000000000000e+00
-4.388221793728363379e-02 -5.990068733949584223e-02 0.000000000000000000e+00
-4.395954061290394121e-02 -5.999721124519857840e-02 0.000000000000000000e+00
-4.403676705716948886e-02 -6.009381159889242568e-02 0.000000000000000000e+00
-4.411389655949409655e-02 -6.019048876903676515e-02 0.000000000000000000e+00
-4.419092840929163962e-02 -6.028724312409099867e-02 0.000000000000000000e+00
-4.426786189597595178e-02 -6.038407503251452813e-02 0.000000000000000000e+00
-4.434469630896084591e-02 -6.048098486276672070e-02 0.000000000000000000e+00
-4.442143093766018347e-02 -6.057797298330699215e-02 0.000000000000000000e+00
-4.449806507148779816e-02 -6.067503976259471660e-02 0.000000000000000000e+00
-4.457459799985753757e-02 -6.077218556908929592e-02 0.000000000000000000e+00
-4.465102901218322151e-02 -6.086941077125011812e-02 0.000000000000000000e+00
-4.472735739787871145e-02 -6.096671573753657120e-02 0.000000000000000000e+00
-4.480358244635782722e-02 -6.106410083640806397e-02 0.000000000000000000e+00
-4.487970344703442332e-02 -6.116156643632397749e-02 0.000000000000000000e+00
-4.495571968932234735e-02 -6.125911290574369977e-02 0.000000000000000000e+00
-4.503163046263541219e-02 -6.135674061312664657e-02 0.000000000000000000e+00
-4.510743505638747236e-02 -6.145444992693217812e-02 0.000000000000000000e+00
-4.518313275999236156e-02 -6.155224121561968936e-02 0.000000000000000000e+00
-4.525872286286393431e-02 -6.165011484764860300e-02 0.000000000000000000e+00
-4.533420465441601044e-02 -6.174807119147829315e-02 0.000000000000000000e+00
-4.540957742406245140e-02 -6.184611061556814782e-02 0.000000000000000000e+00
-4.548484046121708396e-02 -6.194423348837756887e-02 0.000000000000000000e+00
-4.555999305529372795e-02 -6.204244017836592351e-02 0.000000000000000000e+00
-4.563503449570625176e-02 -6.214073105399262748e-02 0.000000000000000000e+00
-4.570996407186848909e-02 -6.223910648371707571e-02 0.000000000000000000e+00
-4.578478107319428059e-02 -6.233756683599867010e-02 0.000000000000000000e+00
-4.585948478909745302e-02 -6.243611247929676394e-02 0.000000000000000000e+00
-4.593407450899185396e-02 -6.253474378207078688e-02 0.000000000000000000e+00
-4.600854952229132405e-02 -6.263346111278009221e-02 0.000000000000000000e+00
-4.608290911840969700e-02 -6.273226483988411650e-02 0.000000000000000000e+00
-4.615715258676082733e-02 -6.283115533184222001e-02 0.000000000000000000e+00
-4.623127921675854179e-02 -6.293013295711383237e-02 0.000000000000000000e+00
-4.630528829781667410e-02 -6.302919808415828606e-02 0.000000000000000000e+00
-4.637917911934907877e-02 -6.312835108143501073e-02 0.000000000000000000e+00
-4.645295097076959645e-02 -6.322759231740342212e-02 0.000000000000000000e+00
-4.652660314149205389e-02 -6.332692216052288048e-02 0.000000000000000000e+00
-4.660013492093029175e-02 -6.342634097925275993e-02 0.000000000000000000e+00
-4.667354559849815065e-02 -6.352584914205250399e-02 0.000000000000000000e+00
-4.674683446360948513e-02 -6.362544701738145903e-02 0.000000000000000000e+00
-4.682000080567811501e-02 -6.372513497369905466e-02 0.000000000000000000e+00
-4.689304391411788786e-02 -6.382491337946465115e-02 0.000000000000000000e+00
-4.696596307834263045e-02 -6.392478260313765037e-02 0.000000000000000000e+00
-4.703875758776621813e-02 -6.402474301317745420e-02 0.000000000000000000e+00
-4.711142673180244989e-02 -6.412479497804345063e-02 0.000000000000000000e+00
-4.718396979986519413e-02 -6.422493886619502768e-02 0.000000000000000000e+00
-4.725638608136826374e-02 -6.432517504609158721e-02 0.000000000000000000e+00
-4.732867486572551324e-02 -6.442550388619250334e-02 0.000000000000000000e+00
-4.740083544235079022e-02 -6.452592575495717797e-02 0.000000000000000000e+00
-4.747286710065792142e-02 -6.462644102084501296e-02 0.000000000000000000e+00
-4.754476913006076139e-02 -6.472705005231539632e-02 0.000000000000000000e+00
-4.761654081997312993e-02 -6.482775321782771605e-02 0.000000000000000000e+00
-4.768818145980888157e-02 -6.492855088584136014e-02 0.000000000000000000e+00
-4.775969033898183613e-02 -6.502944342481571660e-02 0.000000000000000000e+00
-4.783106674690585508e-02 -6.513043120321020119e-02 0.000000000000000000e+00
-4.790230997299477905e-02 -6.523151458948418802e-02 0.000000000000000000e+00
-4.797341930666242787e-02 -6.533269395209707897e-02 0.000000000000000000e+00
-4.804439403732264219e-02 -6.543396965950823430e-02 0.000000000000000000e+00
-4.811523345438929039e-02 -6.553534208017709750e-02 0.000000000000000000e+00
-4.818593684727617843e-02 -6.563681158256304271e-02 0.000000000000000000e+00
-4.825650350539717470e-02 -6.573837853512544405e-02 0.000000000000000000e+00
-4.832693271816609210e-02 -6.584004330632370339e-02 0.000000000000000000e+00
-4.839722377499677819e-02 -6.594180626461722261e-02 0.000000000000000000e+00
-4.846737596530308750e-02 -6.604366777846537584e-02 0.000000000000000000e+00
-4.853738845556841014e-02 -6.614562825342677754e-02 0.000000000000000000e+00
-4.860725951759038710e-02 -6.624768836506758629e-02 0.000000000000000000e+00
-4.867698702752078915e-02 -6.634984890835601834e-02 0.000000000000000000e+00
-4.874656885975708204e-02 -6.645211067878971367e-02 0.000000000000000000e+00
-4.881600288869671067e-02 -6.655447447186635390e-02 0.000000000000000000e+00
-4.888528698873713385e-02 -6.665694108308360677e-02 0.000000000000000000e+00
-4.895441903427582425e-02 -6.675951130793918165e-02 0.000000000000000000e+00
-4.902339689971019904e-02 -6.686218594193067688e-02 0.000000000000000000e+00
-4.909221845943773088e-02 -6.696496578055577409e-02 0.000000000000000000e+00
-4.916088158785592022e-02 -6.706785161931219652e-02 0.000000000000000000e+00
-4.922938415936216339e-02 -6.717084425369755640e-02 0.000000000000000000e+00
-4.929772404835394001e-02 -6.727394447920953535e-02 0.000000000000000000e+00
-4.936589912922870194e-02 -6.737715309134580111e-02 0.000000000000000000e+00
-4.943390727638390797e-02 -6.748047088560400752e-02 0.000000000000000000e+00
-4.950174636421700303e-02 -6.758389865748185010e-02 0.000000000000000000e+00
-4.956941426712546672e-02 -6.768743720247696882e-02 0.000000000000000000e+00
-4.963690885950672316e-02 -6.779108731608705918e-02 0.000000000000000000e+00
-4.970422801575825195e-02 -6.789484979380973340e-02 0.000000000000000000e+00
-4.977136961027750495e-02 -6.799872543114272860e-02 0.000000000000000000e+00
-4.983833151746192708e-02 -6.810271502358365703e-02 0.000000000000000000e+00
-4.990511161170897714e-02 -6.820681936663022804e-02 0.000000000000000000e+00
-4.997170776741612086e-02 -6.831103925578008162e-02 0.000000000000000000e+00
-5.003811785898082398e-02 -6.841537548653091327e-02 0.000000000000000000e+00
-5.010433976080051061e-02 -6.851982885438033521e-02 0.000000000000000000e+00
-5.017037134727265341e-02 -6.862440015482605682e-02 0.000000000000000000e+00
-5.023621049279469036e-02 -6.872909018336573195e-02 0.000000000000000000e+00
-5.030185507176412191e-02 -6.883389973549705609e-02 0.000000000000000000e+00
-5.036730295857834439e-02 -6.893882960671764148e-02 0.000000000000000000e+00
-5.043255202763487210e-02 -6.904388059252521137e-02 0.000000000000000000e+00
-5.049760015333111529e-02 -6.914905348841739186e-02 0.000000000000000000e+00
-5.056244521006454662e-02 -6.925434908989185068e-02 0.000000000000000000e+00
-5.062708507223263876e-02 -6.935976819244628333e-02 0.000000000000000000e+00
-5.069151761423281582e-02 -6.946531159157835755e-02 0.000000000000000000e+00
-5.075574071046255048e-02 -6.957098008278571333e-02 0.000000000000000000e+00
-5.081975223531930153e-02 -6.967677446156603227e-02 0.000000000000000000e+00
-5.088355006320051388e-02 -6.978269552341696824e-02 0.000000000000000000e+00
-5.094713206850365328e-02 -6.988874406383620286e-02 0.000000000000000000e+00
-5.101049612562616464e-02 -6.999492087832138998e-02 0.000000000000000000e+00
-5.107364010896551371e-02 -7.010122676237023898e-02 0.000000000000000000e+00
-5.113656189291914539e-02 -7.020766251148036208e-02 0.000000000000000000e+00
-5.119925935188453237e-02 -7.031422892114944090e-02 0.000000000000000000e+00
-5.126173036025912649e-02 -7.042092678687515706e-02 0.000000000000000000e+00
-5.132397279244036575e-02 -7.052775690415517829e-02 0.000000000000000000e+00
-5.138598452282572282e-02 -7.063472006848715845e-02 0.000000000000000000e+00
-5.144776342581263567e-02 -7.074181707536875141e-02 0.000000000000000000e+00
-5.150930737579858393e-02 -7.084904872029766654e-02 0.000000000000000000e+00
-5.157061424718101250e-02 -7.095641579877152993e-02 0.000000000000000000e+00
-5.163168191435735938e-02 -7.106391910628802322e-02 0.000000000000000000e+00
-5.169250825172511804e-02 -7.117155943834484189e-02 0.000000000000000000e+00
-5.175309113368171260e-02 -7.127933759043959816e-02 0.000000000000000000e+00
-5.181342843462462266e-02 -7.138725435807000141e-02 0.000000000000000000e+00
-5.187351802895127234e-02 -7.149531053673370551e-02 0.000000000000000000e+00
-5.193335779105913430e-02 -7.160350692192836430e-02 0.000000000000000000e+00
-5.199294559534567428e-02 -7.171184430915165942e-02 0.000000000000000000e+00
-5.205227931620834414e-02 -7.182032349390125858e-02 0.000000000000000000e+00
-5.211135682804458880e-02 -7.192894527167484342e-02 0.000000000000000000e+00
-5.217017600525186705e-02 -7.203771043797004003e-02 0.000000000000000000e+00
-5.222873472222763769e-02 -7.214661978828454392e-02 0.000000000000000000e+00
-5.228703085336935258e-02 -7.225567411811602281e-02 0.000000000000000000e+00
-5.234506227307447745e-02 -7.236487422296213057e-02 0.000000000000000000e+00
-5.240282685574045723e-02 -7.247422089832054881e-02 0.000000000000000000e+00
-5.246032247576475072e-02 -7.258371493968893140e-02 0.000000000000000000e+00
-5.251754697583928266e-02 -7.269335714159720629e-02 0.000000000000000000e+00
-5.257449702444497164e-02 -7.280314826273470707e-02 0.000000000000000000e+00
-5.263116779763948178e-02 -7.291308901623735905e-02 0.000000000000000000e+00
-5.268755437498309074e-02 -7.302318011229572137e-02 0.000000000000000000e+00
-5.274365183603604151e-02 -7.313342226110031152e-02 0.000000000000000000e+00
-5.279945526035861175e-02 -7.324381617284167478e-02 0.000000000000000000e+00
-5.285495972751104443e-02 -7.335436255771034253e-02 0.000000000000000000e+00
-5.291016031705362416e-02 -7.346506212589687390e-02 0.000000000000000000e+00
-5.296505210854660084e-02 -7.357591558759177253e-02 0.000000000000000000e+00
-5.301963018155019663e-02 -7.368692365298559754e-02 0.000000000000000000e+00
-5.307388961562471696e-02 -7.379808703226886646e-02 0.000000000000000000e+00
-5.312782549033038398e-02 -7.390940643563212453e-02 0.000000000000000000e+00
-5.318143288522748924e-02 -7.402088257326591703e-02 0.000000000000000000e+00
-5.323470687987628264e-02 -7.413251615536074757e-02 0.000000000000000000e+00
-5.328764255383700715e-02 -7.424430789210718917e-02 0.000000000000000000e+00
-5.334023498666991964e-02 -7.435625849369577323e-02 0.000000000000000000e+00
-5.339247925793530469e-02 -7.446836867031698948e-02 0.000000000000000000e+00
-5.344437044719339142e-02 -7.458063913216143870e-02 0.000000000000000000e+00
-5.349590363400446441e-02 -7.469307058941965227e-02 0.000000000000000000e+00
-5.354707389792877359e-02 -7.480566375228210607e-02 0.000000000000000000e+00
-5.359787631852656192e-02 -7.491841933093937311e-02 0.000000000000000000e+00
-5.364830597535810708e-02 -7.503133803558201254e-02 0.000000000000000000e+00
-5.369835794798366591e-02 -7.514442057640051409e-02 0.000000000000000000e+00
-5.374802731596348832e-02 -7.525766766358545079e-02 0.000000000000000000e+00
-5.379730915885782422e-02 -7.537108000732734014e-02 0.000000000000000000e+00
-5.384619855622697210e-02 -7.548465831781674129e-02 0.000000000000000000e+00
-5.389469058763114717e-02 -7.559840330524413010e-02 0.000000000000000000e+00
-5.394278033263063404e-02 -7.571231567980012123e-02 0.000000000000000000e+00
-5.399046287078568263e-02 -7.582639615167521829e-02 0.000000000000000000e+00
-5.403773328165654977e-02 -7.594064543105993881e-02 0.000000000000000000e+00
-5.408458664480349232e-02 -7.605506422814482803e-02 0.000000000000000000e+00
-5.413101803978677407e-02 -7.616965325312041735e-02 0.000000000000000000e+00
-5.417702254616665186e-02 -7.628441321617729365e-02 0.000000000000000000e+00
-5.422259524350338256e-02 -7.639934482750591893e-02 0.000000000000000000e+00
-5.426773121135722994e-02 -7.651444879729686621e-02 0.000000000000000000e+00
-5.431242552928844392e-02 -7.662972583574066687e-02 0.000000000000000000e+00
-5.435667327685729522e-02 -7.674517665302786618e-02 0.000000000000000000e+00
-5.440046953362404070e-02 -7.686080195934900938e-02 0.000000000000000000e+00
-5.444380937914891638e-02 -7.697660246489457236e-02 0.000000000000000000e+00
-5.448668789299221382e-02 -7.709257887985515589e-02 0.000000000000000000e+00
-5.452910015471416905e-02 -7.720873191442127748e-02 0.000000000000000000e+00
-5.457104124387505972e-02 -7.732506227878346849e-02 0.000000000000000000e+00
-5.461250623967849743e-02 -7.744157068259738264e-02 0.000000000000000000e+00
-5.465348989714897965e-02 -7.755825734929676363e-02 0.000000000000000000e+00
-5.469398604910708644e-02 -7.767512111914279260e-02 0.000000000000000000e+00
-5.473398836548449414e-02 -7.779216058808675893e-02 0.000000000000000000e+00
-5.477349051621280968e-02 -7.790937435207988260e-02 0.000000000000000000e+00
-5.481248617122368855e-02 -7.802676100707346685e-02 0.000000000000000000e+00
-5.485096900044875157e-02 -7.814431914901875942e-02 0.000000000000000000e+00
-5.488893267381964730e-02 -7.826204737386696642e-02 0.000000000000000000e+00
-5.492637086126799656e-02 -7.837994427756941884e-02 0.000000000000000000e+00
-5.496327723272542709e-02 -7.849800845607732280e-02 0.000000000000000000e+00
-5.499964545812357358e-02 -7.861623850534192604e-02 0.000000000000000000e+00
-5.503546920739409154e-02 -7.873463302131451791e-02 0.000000000000000000e+00
-5.507074215046858789e-02 -7.885319059994631841e-02 0.000000000000000000e+00
-5.510545795727871815e-02 -7.897190983718863078e-02 0.000000000000000000e+00
-5.513961029775609618e-02 -7.909078932899266112e-02 0.000000000000000000e+00
-5.517319284183237749e-02 -7.920982767130971269e-02 0.000000000000000000e+00
-5.520619925943917594e-02 -7.932902346009099159e-02 0.000000000000000000e+00
-5.523862322050812623e-02 -7.944837529128777331e-02 0.000000000000000000e+00
-5.527045839497087693e-02 -7.956788176085134723e-02 0.000000000000000000e+00
-5.530169845275905577e-02 -7.968754146473291944e-02 0.000000000000000000e+00
-5.533233706380429051e-02 -7.980735299888377932e-02 0.000000000000000000e+00
-5.536236789803822972e-02 -7.992731495925517460e-02 0.000000000000000000e+00
-5.539178462539247338e-02 -8.004742594179833914e-02 0.000000000000000000e+00
-5.542058091579869783e-02 -8.016768454246456233e-02 0.000000000000000000e+00
-5.544875043918850305e-02 -8.028808935720507800e-02 0.000000000000000000e+00
-5.547628686549355148e-02 -8.040863898197116166e-02 0.000000000000000000e+00
-5.550318386464545006e-02 -8.052933201271403330e-02 0.000000000000000000e+00
-5.552943510657583348e-02 -8.065016704538496839e-02 0.000000000000000000e+00
-5.555503426121635724e-02 -8.077114267593524244e-02 0.000000000000000000e+00
-5.557997499849864909e-02 -8.089225750031607542e-02 0.000000000000000000e+00
-5.560425100048403679e-02 -8.101351009408888637e-02 0.000000000000000000e+00
-5.562785646317608412e-02 -8.113489816888423689e-02 0.000000000000000000e+00
-5.565078627582816656e-02 -8.125641827098822878e-02 0.000000000000000000e+00
-5.567303537669472668e-02 -8.137806686431653391e-02 0.000000000000000000e+00
-5.569459870403025564e-02 -8.149984041278492131e-02 0.000000000000000000e+00
-5.571547119608923765e-02 -8.162173538030909059e-02 0.000000000000000000e+00
-5.573564779112612916e-02 -8.174374823080479691e-02 0.000000000000000000e+00
-5.575512342739540050e-02 -8.186587542818772600e-02 0.000000000000000000e+00
-5.577389304315154284e-02 -8.198811343637367466e-02 0.000000000000000000e+00
-5.579195157664903343e-02 -8.211045871927834250e-02 0.000000000000000000e+00
-5.580929396614232180e-02 -8.223290774081747079e-02 0.000000000000000000e+00
-5.582591514988588521e-02 -8.235545696490677303e-02 0.000000000000000000e+00
-5.584181006613422871e-02 -8.247810285546197662e-02 0.000000000000000000e+00
-5.585697365314179486e-02 -8.260084187639883668e-02 0.000000000000000000e+00
-5.587140084916305399e-02 -8.272367049163305286e-02 0.000000000000000000e+00
-5.588508659245250421e-02 -8.284658516508040804e-02 0.000000000000000000e+00
-5.589802582126460889e-02 -8.296958236065658798e-02 0.000000000000000000e+00
-5.591021347385383145e-02 -8.309265854227733394e-02 0.000000000000000000e+00
-5.592164448847466302e-02 -8.321581017385835943e-02 0.000000000000000000e+00
-5.593231380338156006e-02 -8.333903371931543347e-02 0.000000000000000000e+00
-5.594221635682899985e-02 -8.346232564256426956e-02 0.000000000000000000e+00
-5.595134708707148741e-02 -8.358568240752060896e-02 0.000000000000000000e+00
-5.595970093236343756e-02 -8.370910047810013743e-02 0.000000000000000000e+00
-5.596727283095938310e-02 -8.383257631821863787e-02 0.000000000000000000e+00
-5.597405772111373884e-02 -8.395610639179182377e-02 0.000000000000000000e+00
-5.598004997093386503e-02 -8.407968680556923702e-02 0.000000000000000000e+00
-5.598523967839061366e-02 -8.420331099129219066e-02 0.000000000000000000e+00
-5.598961500527555035e-02 -8.432697116779092061e-02 0.000000000000000000e+00
-5.599316410375936720e-02 -8.445065954786874773e-02 0.000000000000000000e+00
-5.599587512601271466e-02 -8.457436834432899286e-02 0.000000000000000000e+00
-5.599773622420623626e-02 -8.469808976997487970e-02 0.000000000000000000e+00
-5.599873555051060325e-02 -8.482181603760975686e-02 0.000000000000000000e+00
-5.599886125709645224e-02 -8.494553936003688965e-02 0.000000000000000000e+00
-5.599810149613448917e-02 -8.506925195005959894e-02 0.000000000000000000e+00
-5.599644441979532983e-02 -8.519294602048115006e-02 0.000000000000000000e+00
-5.599387818024964547e-02 -8.531661378410482222e-02 0.000000000000000000e+00
-5.599039092966809350e-02 -8.544024745373395013e-02 0.000000000000000000e+00
-5.598597082022134519e-02 -8.556383924217179915e-02 0.000000000000000000e+00
-5.598060600408003712e-02 -8.568738136222164847e-02 0.000000000000000000e+00
-5.597428463341485444e-02 -8.581086602668683283e-02 0.000000000000000000e+00
-5.596699486039642679e-02 -8.593428544837058980e-02 0.000000000000000000e+00
-5.595872483719543239e-02 -8.605763184007624023e-02 0.000000000000000000e+00
-5.594946271598252863e-02 -8.618089741460709108e-02 0.000000000000000000e+00
-5.593919664892837290e-02 -8.630407438476639381e-02 0.000000000000000000e+00
-5.592791478820360873e-02 -8.642715496335749703e-02 0.000000000000000000e+00
-5.591560528597891433e-02 -8.655013136318365219e-02 0.000000000000000000e+00
-5.590225629442492628e-02 -8.667299579704812462e-02 0.000000000000000000e+00
-5.588785751886978653e-02 -8.679574042490853514e-02 0.000000000000000000e+00
-5.587240743652584218e-02 -8.691835710826147088e-02 0.000000000000000000e+00
-5.585590760104248292e-02 -8.704083760392873625e-02 0.000000000000000000e+00
-5.583835956939058737e-02 -8.716317366861900395e-02 0.000000000000000000e+00
-5.581976489854106188e-02 -8.728535705904098829e-02 0.000000000000000000e+00
-5.580012514546479896e-02 -8.740737953190352849e-02 0.000000000000000000e+00
-5.577944186713269803e-02 -8.752923284391524172e-02 0.000000000000000000e+00
-5.575771662051567934e-02 -8.765090875178496721e-02 0.000000000000000000e+00
-5.573495096258459375e-02 -8.777239901222134988e-02 0.000000000000000000e+00
-5.571114645031036844e-02 -8.789369538193315956e-02 0.000000000000000000e+00
-5.568630464066390284e-02 -8.801478961762909670e-02 0.000000000000000000e+00
-5.566042709061608251e-02 -8.813567347601794499e-02 0.000000000000000000e+00
-5.563351535713780688e-02 -8.825633871380840489e-02 0.000000000000000000e+00
-5.560557099719998925e-02 -8.837677708770923235e-02 0.000000000000000000e+00
-5.557659556777348742e-02 -8.849698035442912780e-02 0.000000000000000000e+00
-5.554659062582925633e-02 -8.861694027067681945e-02 0.000000000000000000e+00
-5.551555772833813990e-02 -8.873664859316107711e-02 0.000000000000000000e+00
-5.548349843227105144e-02 -8.885609707859062900e-02 0.000000000000000000e+00
-5.545041429459890425e-02 -8.897527748367418943e-02 0.000000000000000000e+00
-5.541630650316012319e-02 -8.909418126600537891e-02 0.000000000000000000e+00
-5.538117159398609629e-02 -8.921279611372955054e-02 0.000000000000000000e+00
-5.534500292131643712e-02 -8.933110713672520742e-02 0.000000000000000000e+00
-5.530779377762157223e-02 -8.944909939481816841e-02 0.000000000000000000e+00
-5.526953745537198370e-02 -8.956675794783416911e-02 0.000000000000000000e+00
-5.523022724703813280e-02 -8.968406785559908390e-02 0.000000000000000000e+00
-5.518985644509047384e-02 -8.980101417793871776e-02 0.000000000000000000e+00
-5.514841834199947501e-02 -8.991758197467883407e-02 0.000000000000000000e+00
-5.510590623023561840e-02 -9.003375630564529331e-02 0.000000000000000000e+00
-5.506231340226932364e-02 -9.014952223066384496e-02 0.000000000000000000e+00
-5.501763315057111442e-02 -9.026486480956033565e-02 0.000000000000000000e+00
-5.497185876761142426e-02 -9.037976910216055648e-02 0.000000000000000000e+00
-5.492498354586069359e-02 -9.049422016829029858e-02 0.000000000000000000e+00
-5.487700077778941143e-02 -9.060820306777542243e-02 0.000000000000000000e+00
-5.482790375586805293e-02 -9.072170286044166365e-02 0.000000000000000000e+00
-5.477768577256705851e-02 -9.083470460611484110e-02 0.000000000000000000e+00
-5.472634012035689638e-02 -9.094719336462081527e-02 0.000000000000000000e+00
-5.467386009170804168e-02 -9.105915419578534953e-02 0.000000000000000000e+00
-5.462023897909094872e-02 -9.117057215943426274e-02 0.000000000000000000e+00
-5.456547007497608570e-02 -9.128143231539333213e-02 0.000000000000000000e+00
-5.450954667183390001e-02 -9.139171972348839046e-02 0.000000000000000000e+00
-5.445246206213489454e-02 -9.150141944354524270e-02 0.000000000000000000e+00
-5.439420953834948891e-02 -9.161051653538969386e-02 0.000000000000000000e+00
-5.433478239294816520e-02 -9.171899605884754891e-02 0.000000000000000000e+00
-5.427417391840139854e-02 -9.182684307374459898e-02 0.000000000000000000e+00
-5.421237740717963632e-02 -9.193404263990666292e-02 0.000000000000000000e+00
-5.414938601433546411e-02 -9.204057828442252509e-02 0.000000000000000000e+00
-5.408519176624981828e-02 -9.214642094535850647e-02 0.000000000000000000e+00
-5.401978613552946978e-02 -9.225153538407294962e-02 0.000000000000000000e+00
-5.395316059096149502e-02 -9.235588631931938852e-02 0.000000000000000000e+00
-5.388530660133293571e-02 -9.245943846985138492e-02 0.000000000000000000e+00
-5.381621563543080577e-02 -9.256215655442243118e-02 0.000000000000000000e+00
-5.374587916204215388e-02 -9.266400529178603351e-02 0.000000000000000000e+00
-5.367428864995406335e-02 -9.276494940069576756e-02 0.000000000000000000e+00
-5.360143556795354813e-02 -9.286495359990515341e-02 0.000000000000000000e+00
-5.352731138482766382e-02 -9.296398260816768344e-02 0.000000000000000000e+00
-5.345190756936345211e-02 -9.306200114423691938e-02 0.000000000000000000e+00
-5.337521559034792695e-02 -9.315897392686638134e-02 0.000000000000000000e+00
-5.329722691656818556e-02 -9.325486567480960332e-02 0.000000000000000000e+00
-5.321793301681124189e-02 -9.334964110682009153e-02 0.000000000000000000e+00
-5.313732535986413763e-02 -9.344326494165137997e-02 0.000000000000000000e+00
-5.305539541451392838e-02 -9.353570189805700263e-02 0.000000000000000000e+00
-5.297213464954764195e-02 -9.362691669479050738e-02 0.000000000000000000e+00
-5.288753453375236169e-02 -9.371687405060538656e-02 0.000000000000000000e+00
-5.280158653591508766e-02 -9.380553868425517416e-02 0.000000000000000000e+00
-5.271428212482288933e-02 -9.389287531449341806e-02 0.000000000000000000e+00
-5.262561276926279452e-02 -9.397884866007363835e-02 0.000000000000000000e+00
-5.253556993802186575e-02 -9.406342343974936904e-02 0.000000000000000000e+00
-5.244414509988713780e-02 -9.414656437227410246e-02 0.000000000000000000e+00
-5.235132972364565235e-02 -9.422823617640138649e-02 0.000000000000000000e+00
