-5.235132972364567316e-02 -9.422823617640142813e-02 0.000000000000000000e+00
-5.231975280682035767e-02 -9.425541684552114774e-02 0.000000000000000000e+00
-5.228803431533642077e-02 -9.428242928575206183e-02 0.000000000000000000e+00
-5.225617533353097560e-02 -9.430927331577584893e-02 0.000000000000000000e+00
-5.222417694574104513e-02 -9.433594875427431248e-02 0.000000000000000000e+00
-5.219204023630370781e-02 -9.436245541992917263e-02 0.000000000000000000e+00
-5.215976628955602823e-02 -9.438879313142224670e-02 0.000000000000000000e+00
-5.212735618983507790e-02 -9.441496170743522709e-02 0.000000000000000000e+00
-5.209481102147792142e-02 -9.444096096664991724e-02 0.000000000000000000e+00
-5.206213186882159560e-02 -9.446679072774803732e-02 0.000000000000000000e+00
-5.202931981620321361e-02 -9.449245080941137687e-02 0.000000000000000000e+00
-5.199637594795981227e-02 -9.451794103032171157e-02 0.000000000000000000e+00
-5.196330134842847698e-02 -9.454326120916076159e-02 0.000000000000000000e+00
-5.193009710194624456e-02 -9.456841116461028873e-02 0.000000000000000000e+00
-5.189676429285020043e-02 -9.459339071535205479e-02 0.000000000000000000e+00
-5.186330400547740221e-02 -9.461819968006782156e-02 0.000000000000000000e+00
-5.182971732416492144e-02 -9.464283787743936471e-02 0.000000000000000000e+00
-5.179600533324981576e-02 -9.466730512614837667e-02 0.000000000000000000e+00
-5.176216911706914975e-02 -9.469160124487667474e-02 0.000000000000000000e+00
-5.172820975996000187e-02 -9.471572605230603459e-02 0.000000000000000000e+00
-5.169412834625942282e-02 -9.473967936711813476e-02 0.000000000000000000e+00
-5.165992596030449108e-02 -9.476346100799482031e-02 0.000000000000000000e+00
-5.162560368643226427e-02 -9.478707079361779753e-02 0.000000000000000000e+00
-5.159116260897981393e-02 -9.481050854266886985e-02 0.000000000000000000e+00
-5.155660381228419770e-02 -9.483377407382970192e-02 0.000000000000000000e+00
-5.152192838068248015e-02 -9.485686720578213882e-02 0.000000000000000000e+00
-5.148713739851172588e-02 -9.487978775720788682e-02 0.000000000000000000e+00
-5.145223195010902029e-02 -9.490253554678874937e-02 0.000000000000000000e+00
-5.141721311981140019e-02 -9.492511039320647437e-02 0.000000000000000000e+00
-5.138208199195595099e-02 -9.494751211514278200e-02 0.000000000000000000e+00
-5.134683965087973034e-02 -9.496974053127948956e-02 0.000000000000000000e+00
-5.131148718091980976e-02 -9.499179546029827559e-02 0.000000000000000000e+00
-5.127602566641324688e-02 -9.501367672088098515e-02 0.000000000000000000e+00
-5.124045619169710630e-02 -9.503538413170931065e-02 0.000000000000000000e+00
-5.120477984110845260e-02 -9.505691751146501389e-02 0.000000000000000000e+00
-5.116899769898436423e-02 -9.507827667882989831e-02 0.000000000000000000e+00
-5.113311084966189191e-02 -9.509946145248565630e-02 0.000000000000000000e+00
-5.109712037747811408e-02 -9.512047165111413294e-02 0.000000000000000000e+00
-5.106102736677009535e-02 -9.514130709339702063e-02 0.000000000000000000e+00
-5.102483290187488640e-02 -9.516196759801610894e-02 0.000000000000000000e+00
-5.098853806712955877e-02 -9.518245298365310414e-02 0.000000000000000000e+00
-5.095214394687117010e-02 -9.520276306898980967e-02 0.000000000000000000e+00
-5.091565162543683354e-02 -9.522289767270801508e-02 0.000000000000000000e+00
-5.087906218716354428e-02 -9.524285661348939891e-02 0.000000000000000000e+00
-5.084237671638841549e-02 -9.526263971001576458e-02 0.000000000000000000e+00
-5.080559629744849093e-02 -9.528224678096886002e-02 0.000000000000000000e+00
-5.076872201468084905e-02 -9.530167764503046091e-02 0.000000000000000000e+00
-5.073175495242254751e-02 -9.532093212088230127e-02 0.000000000000000000e+00
-5.069469619501065089e-02 -9.534001002720612905e-02 0.000000000000000000e+00
-5.065754682678223070e-02 -9.535891118268376154e-02 0.000000000000000000e+00
-5.062030793207433765e-02 -9.537763540599687728e-02 0.000000000000000000e+00
-5.058298059522406409e-02 -9.539618251582726582e-02 0.000000000000000000e+00
-5.054556590056845378e-02 -9.541455233085670284e-02 0.000000000000000000e+00
-5.050806493244457823e-02 -9.543274466976696402e-02 0.000000000000000000e+00
-5.047047877518950204e-02 -9.545075935123975563e-02 0.000000000000000000e+00
-5.043280851314028979e-02 -9.546859619395682561e-02 0.000000000000000000e+00
-5.039505523063400605e-02 -9.548625501659999126e-02 0.000000000000000000e+00
-5.035722001200772929e-02 -9.550373563785098663e-02 0.000000000000000000e+00
-5.031930394159852410e-02 -9.552103787639158738e-02 0.000000000000000000e+00
-5.028130810374342036e-02 -9.553816155090349982e-02 0.000000000000000000e+00
-5.024323358277951734e-02 -9.555510648006851349e-02 0.000000000000000000e+00
-5.020508146304387270e-02 -9.557187248256837631e-02 0.000000000000000000e+00
-5.016685282887356490e-02 -9.558845937708487783e-02 0.000000000000000000e+00
-5.012854876460563075e-02 -9.560486698229971048e-02 0.000000000000000000e+00
-5.009017035457715566e-02 -9.562109511689471930e-02 0.000000000000000000e+00
-5.005171868312519728e-02 -9.563714359955158284e-02 0.000000000000000000e+00
-5.001319482498456370e-02 -9.565301235472289942e-02 0.000000000000000000e+00
-4.997459978853046464e-02 -9.566870203782408544e-02 0.000000000000000000e+00
-4.993593455410733767e-02 -9.568421361303473816e-02 0.000000000000000000e+00
-4.989720010196022071e-02 -9.569954804562963435e-02 0.000000000000000000e+00
-4.985839741233413780e-02 -9.571470630088349529e-02 0.000000000000000000e+00
-4.981952746547409910e-02 -9.572968934407104225e-02 0.000000000000000000e+00
-4.978059124162513560e-02 -9.574449814046699647e-02 0.000000000000000000e+00
-4.974158972103229215e-02 -9.575913365534613475e-02 0.000000000000000000e+00
-4.970252388394059279e-02 -9.577359685398315059e-02 0.000000000000000000e+00
-4.966339471059503380e-02 -9.578788870165280689e-02 0.000000000000000000e+00
-4.962420318124066004e-02 -9.580201016362981103e-02 0.000000000000000000e+00
-4.958495027612250944e-02 -9.581596220518891205e-02 0.000000000000000000e+00
-4.954563697548555051e-02 -9.582974579160480344e-02 0.000000000000000000e+00
-4.950626425957489057e-02 -9.584336188815230362e-02 0.000000000000000000e+00
-4.946683310863550509e-02 -9.585681146010607834e-02 0.000000000000000000e+00
-4.942734450291241810e-02 -9.587009547274087662e-02 0.000000000000000000e+00
-4.938779942265068140e-02 -9.588321489133141973e-02 0.000000000000000000e+00
-4.934819884809529822e-02 -9.589617068115244281e-02 0.000000000000000000e+00
-4.930854375949128565e-02 -9.590896380747869487e-02 0.000000000000000000e+00
-4.926883513708370937e-02 -9.592159523558492495e-02 0.000000000000000000e+00
-4.922907396111754486e-02 -9.593406593074581268e-02 0.000000000000000000e+00
-4.918926121183787165e-02 -9.594637685823617645e-02 0.000000000000000000e+00
-4.914939786948967909e-02 -9.595852898333068204e-02 0.000000000000000000e+00
-4.910948491431797736e-02 -9.597052327130405069e-02 0.000000000000000000e+00
-4.906952332656782517e-02 -9.598236068743104532e-02 0.000000000000000000e+00
-4.902951408648423964e-02 -9.599404219698641494e-02 0.000000000000000000e+00
-4.898945817431223787e-02 -9.600556876524485306e-02 0.000000000000000000e+00
-4.894935657029685083e-02 -9.601694135748112258e-02 0.000000000000000000e+00
-4.890921025468310951e-02 -9.602816093896995864e-02 0.000000000000000000e+00
-4.886902020771601018e-02 -9.603922847498605475e-02 0.000000000000000000e+00
-4.882878740964062547e-02 -9.605014493080420157e-02 0.000000000000000000e+00
-4.878851284070195859e-02 -9.606091127169910648e-02 0.000000000000000000e+00
-4.874819748114501278e-02 -9.607152846294547688e-02 0.000000000000000000e+00
-4.870784231121483288e-02 -9.608199746981806177e-02 0.000000000000000000e+00
-4.866744831115645681e-02 -9.609231925759162407e-02 0.000000000000000000e+00
-4.862701646121489474e-02 -9.610249479154088503e-02 0.000000000000000000e+00
-4.858654774163517764e-02 -9.611252503694052429e-02 0.000000000000000000e+00
-4.854604313266232263e-02 -9.612241095906536026e-02 0.000000000000000000e+00
-4.850550361454135373e-02 -9.613215352319004481e-02 0.000000000000000000e+00
-4.846493016751731581e-02 -9.614175369458938247e-02 0.000000000000000000e+00
-4.842432377183522596e-02 -9.615121243853808064e-02 0.000000000000000000e+00
-4.838368540774008741e-02 -9.616053072031083282e-02 0.000000000000000000e+00
-4.834301605547695196e-02 -9.616970950518241579e-02 0.000000000000000000e+00
-4.830231669529083671e-02 -9.617874975842756469e-02 0.000000000000000000e+00
-4.826158830742676570e-02 -9.618765244532100078e-02 0.000000000000000000e+00
-4.822083187212976296e-02 -9.619641853113744534e-02 0.000000000000000000e+00
-4.818004836964485949e-02 -9.620504898115164738e-02 0.000000000000000000e+00
-4.813923878021706543e-02 -9.621354476063831429e-02 0.000000000000000000e+00
-4.809840408409143259e-02 -9.622190683487223672e-02 0.000000000000000000e+00
-4.805754526151295725e-02 -9.623013616912808044e-02 0.000000000000000000e+00
-4.801666329272669120e-02 -9.623823372868063608e-02 0.000000000000000000e+00
-4.797575915797763074e-02 -9.624620047880456941e-02 0.000000000000000000e+00
-4.793483383751084154e-02 -9.625403738477471272e-02 0.000000000000000000e+00
-4.789388831157131293e-02 -9.626174541186570399e-02 0.000000000000000000e+00
-4.785292356040408285e-02 -9.626932552535232002e-02 0.000000000000000000e+00
-4.781194056371043666e-02 -9.627677869043532732e-02 0.000000000000000000e+00
-4.777094010114093375e-02 -9.628410584510015136e-02 0.000000000000000000e+00
-4.772992245470789041e-02 -9.629130785963263550e-02 0.000000000000000000e+00
-4.768888783034702650e-02 -9.629838559396887432e-02 0.000000000000000000e+00
-4.764783643399405494e-02 -9.630533990804510114e-02 0.000000000000000000e+00
-4.760676847158470948e-02 -9.631217166179741052e-02 0.000000000000000000e+00
-4.756568414905469611e-02 -9.631888171516200803e-02 0.000000000000000000e+00
-4.752458367233975550e-02 -9.632547092807505762e-02 0.000000000000000000e+00
-4.748346724737560753e-02 -9.633194016047273711e-02 0.000000000000000000e+00
-4.744233508009795125e-02 -9.633829027229118269e-02 0.000000000000000000e+00
-4.740118737644251345e-02 -9.634452212346654443e-02 0.000000000000000000e+00
-4.736002434234504177e-02 -9.635063657393504177e-02 0.000000000000000000e+00
-4.731884618374123525e-02 -9.635663448363278316e-02 0.000000000000000000e+00
-4.727765310656682068e-02 -9.636251671249598805e-02 0.000000000000000000e+00
-4.723644531675753183e-02 -9.636828412046082037e-02 0.000000000000000000e+00
-4.719522302024906080e-02 -9.637393756746337470e-02 0.000000000000000000e+00
-4.715398642297714826e-02 -9.637947791343989823e-02 0.000000000000000000e+00
-4.711273573087751410e-02 -9.638490601832647164e-02 0.000000000000000000e+00
-4.707147114988587816e-02 -9.639022274205936991e-02 0.000000000000000000e+00
-4.703019288593796726e-02 -9.639542894457467370e-02 0.000000000000000000e+00
-4.698890114496948739e-02 -9.640052548580856084e-02 0.000000000000000000e+00
-4.694759613291618616e-02 -9.640551322569722303e-02 0.000000000000000000e+00
-4.690627805571375569e-02 -9.641039302417681034e-02 0.000000000000000000e+00
-4.686494711929793666e-02 -9.641516574118348670e-02 0.000000000000000000e+00
-4.682360352960444894e-02 -9.641983223665342995e-02 0.000000000000000000e+00
-4.678224749256900544e-02 -9.642439337052277626e-02 0.000000000000000000e+00
-4.674087921412733299e-02 -9.642885000272770346e-02 0.000000000000000000e+00
-4.669949890021515837e-02 -9.643320299320438937e-02 0.000000000000000000e+00
-4.665810675676817371e-02 -9.643745320188899794e-02 0.000000000000000000e+00
-4.661670298972215437e-02 -9.644160148871769311e-02 0.000000000000000000e+00
-4.657528780501277166e-02 -9.644564871362663883e-02 0.000000000000000000e+00
-4.653386140857577319e-02 -9.644959573655198515e-02 0.000000000000000000e+00
-4.649242400634686495e-02 -9.645344341742990990e-02 0.000000000000000000e+00
-4.645097580426178763e-02 -9.645719261619657703e-02 0.000000000000000000e+00
-4.640951700825624721e-02 -9.646084419278817823e-02 0.000000000000000000e+00
-4.636804782426597743e-02 -9.646439900714082194e-02 0.000000000000000000e+00
-4.632656845822667735e-02 -9.646785791919069986e-02 0.000000000000000000e+00
-4.628507911607409459e-02 -9.647122178887401756e-02 0.000000000000000000e+00
-4.624358000374392819e-02 -9.647449147612686959e-02 0.000000000000000000e+00
-4.620207132717192577e-02 -9.647766784088547543e-02 0.000000000000000000e+00
-4.616055329229377946e-02 -9.648075174308598512e-02 0.000000000000000000e+00
-4.611902610504523686e-02 -9.648374404266456261e-02 0.000000000000000000e+00
-4.607748997136199010e-02 -9.648664559955734410e-02 0.000000000000000000e+00
-4.603594509717979372e-02 -9.648945727370056291e-02 0.000000000000000000e+00
-4.599439168843435372e-02 -9.649217992503029973e-02 0.000000000000000000e+00
-4.595282995106138302e-02 -9.649481441348278787e-02 0.000000000000000000e+00
-4.591126009099662231e-02 -9.649736159899416355e-02 0.000000000000000000e+00
-4.586968231417575675e-02 -9.649982234150057681e-02 0.000000000000000000e+00
-4.582809682653456174e-02 -9.650219750093823323e-02 0.000000000000000000e+00
-4.578650383400870855e-02 -9.650448793724325514e-02 0.000000000000000000e+00
-4.574490354253394481e-02 -9.650669451035186197e-02 0.000000000000000000e+00
-4.570329615804599732e-02 -9.650881808020016217e-02 0.000000000000000000e+00
-4.566168188648056514e-02 -9.651085950672437519e-02 0.000000000000000000e+00
-4.562006093377338894e-02 -9.651281964986060946e-02 0.000000000000000000e+00
-4.557843350586018860e-02 -9.651469936954505668e-02 0.000000000000000000e+00
-4.553679980867666316e-02 -9.651649952571389468e-02 0.000000000000000000e+00
-4.549516004815856024e-02 -9.651822097830325964e-02 0.000000000000000000e+00
-4.545351443024158583e-02 -9.651986458724934326e-02 0.000000000000000000e+00
-4.541186316086148061e-02 -9.652143121248829560e-02 0.000000000000000000e+00
-4.537020644595394364e-02 -9.652292171395630838e-02 0.000000000000000000e+00
-4.532854449145469478e-02 -9.652433695158947613e-02 0.000000000000000000e+00
-4.528687750329948164e-02 -9.652567778532407383e-02 0.000000000000000000e+00
-4.524520568742400328e-02 -9.652694507509616828e-02 0.000000000000000000e+00
-4.520352924976399345e-02 -9.652813968084200669e-02 0.000000000000000000e+00
-4.516184839625515812e-02 -9.652926246249766973e-02 0.000000000000000000e+00
-4.512016333283323105e-02 -9.653031427999939074e-02 0.000000000000000000e+00
-4.507847426543393904e-02 -9.653129599328329202e-02 0.000000000000000000e+00
-4.503678139999298807e-02 -9.653220846228555141e-02 0.000000000000000000e+00
-4.499508494244611190e-02 -9.653305254694234672e-02 0.000000000000000000e+00
-4.495338509872903038e-02 -9.653382910718984189e-02 0.000000000000000000e+00
-4.491168207477745644e-02 -9.653453900296418699e-02 0.000000000000000000e+00
-4.486997607652711689e-02 -9.653518309420153209e-02 0.000000000000000000e+00
-4.482826730991371772e-02 -9.653576224083806889e-02 0.000000000000000000e+00
-4.478655598087302736e-02 -9.653627730280997521e-02 0.000000000000000000e+00
-4.474484229534071711e-02 -9.653672914005340111e-02 0.000000000000000000e+00
-4.470312645925252765e-02 -9.653711861250452442e-02 0.000000000000000000e+00
-4.466140867854417884e-02 -9.653744658009946744e-02 0.000000000000000000e+00
-4.461968915915139750e-02 -9.653771390277443576e-02 0.000000000000000000e+00
-4.457796810700989654e-02 -9.653792144046559331e-02 0.000000000000000000e+00
-4.453624572805539583e-02 -9.653807005310907630e-02 0.000000000000000000e+00
-4.449452222822363606e-02 -9.653816060064106253e-02 0.000000000000000000e+00
-4.445279781345030934e-02 -9.653819394299772982e-02 0.000000000000000000e+00
-4.441107268967116328e-02 -9.653817094011525601e-02 0.000000000000000000e+00
-4.436934706282190388e-02 -9.653809245192976340e-02 0.000000000000000000e+00
-4.432762113883825794e-02 -9.653795933837747145e-02 0.000000000000000000e+00
-4.428589512365595227e-02 -9.653777245939450247e-02 0.000000000000000000e+00
-4.424416922321069978e-02 -9.653753267491702039e-02 0.000000000000000000e+00
-4.420244364343822036e-02 -9.653724084488121693e-02 0.000000000000000000e+00
-4.416071859027424079e-02 -9.653689782922322826e-02 0.000000000000000000e+00
-4.411899426965448096e-02 -9.653650448787928773e-02 0.000000000000000000e+00
-4.407727088751466765e-02 -9.653606168078544825e-02 0.000000000000000000e+00
-4.403554864979051381e-02 -9.653557026787795703e-02 0.000000000000000000e+00
-4.399382776241773929e-02 -9.653503110909295026e-02 0.000000000000000000e+00
-4.395210843133207090e-02 -9.653444506436663353e-02 0.000000000000000000e+00
-4.391039086246922851e-02 -9.653381299363511525e-02 0.000000000000000000e+00
-4.386867526176494586e-02 -9.653313575683458714e-02 0.000000000000000000e+00
-4.382696183515492894e-02 -9.653241421390119925e-02 0.000000000000000000e+00
-4.378525078857490455e-02 -9.653164922477117105e-02 0.000000000000000000e+00
-4.374354232796059255e-02 -9.653084164938059708e-02 0.000000000000000000e+00
-4.370183665924769895e-02 -9.652999234766566905e-02 0.000000000000000000e+00
-4.366013398837197135e-02 -9.652910217956257866e-02 0.000000000000000000e+00
-4.361843452126912268e-02 -9.652817200500743433e-02 0.000000000000000000e+00
-4.357673846387487282e-02 -9.652720268393644165e-02 0.000000000000000000e+00
-4.353504601917624478e-02 -9.652619506800870497e-02 0.000000000000000000e+00
-4.349335728772924653e-02 -9.652514972135567417e-02 0.000000000000000000e+00
-4.345167224368501335e-02 -9.652406685328598912e-02 0.000000000000000000e+00
-4.340999085338460850e-02 -9.652294665118506256e-02 0.000000000000000000e+00
-4.336831308316908828e-02 -9.652178930243833499e-02 0.000000000000000000e+00
-4.332663889937954371e-02 -9.652059499443120527e-02 0.000000000000000000e+00
-4.328496826835705191e-02 -9.651936391454919717e-02 0.000000000000000000e+00
-4.324330115644266226e-02 -9.651809625017770955e-02 0.000000000000000000e+00
-4.320163752997744494e-02 -9.651679218870214128e-02 0.000000000000000000e+00
-4.315997735530249790e-02 -9.651545191750800223e-02 0.000000000000000000e+00
-4.311832059875887052e-02 -9.651407562398070517e-02 0.000000000000000000e+00
-4.307666722668762604e-02 -9.651266349550570445e-02 0.000000000000000000e+00
-4.303501720542986242e-02 -9.651121571946842670e-02 0.000000000000000000e+00
-4.299337050132662902e-02 -9.650973248325431242e-02 0.000000000000000000e+00
-4.295172708071901685e-02 -9.650821397424882986e-02 0.000000000000000000e+00
-4.291008690994807528e-02 -9.650666037983739176e-02 0.000000000000000000e+00
-4.286844995535486758e-02 -9.650507188740541087e-02 0.000000000000000000e+00
-4.282681618328048473e-02 -9.650344868433838319e-02 0.000000000000000000e+00
-4.278518556006600387e-02 -9.650179095802176310e-02 0.000000000000000000e+00
-4.274355805205247438e-02 -9.650009889584092171e-02 0.000000000000000000e+00
-4.270193362558099420e-02 -9.649837268518136890e-02 0.000000000000000000e+00
-4.266031224699259189e-02 -9.649661251342846191e-02 0.000000000000000000e+00
-4.261869388262837233e-02 -9.649481856796775225e-02 0.000000000000000000e+00
-4.257707849882941264e-02 -9.649299103618462492e-02 0.000000000000000000e+00
-4.253546606193675528e-02 -9.649113010546449265e-02 0.000000000000000000e+00
-4.249385653829147735e-02 -9.648923596319280982e-02 0.000000000000000000e+00
-4.245224989423466988e-02 -9.648730879675508632e-02 0.000000000000000000e+00
-4.241064609610738917e-02 -9.648534879353670712e-02 0.000000000000000000e+00
-4.236904511025070541e-02 -9.648335614092307111e-02 0.000000000000000000e+00
-4.232744690300568879e-02 -9.648133102629967428e-02 0.000000000000000000e+00
-4.228585144071341645e-02 -9.647927363705201265e-02 0.000000000000000000e+00
-4.224425868971495857e-02 -9.647718416056544344e-02 0.000000000000000000e+00
-4.220266861635137839e-02 -9.647506278422540715e-02 0.000000000000000000e+00
-4.216108118696375306e-02 -9.647290969541735817e-02 0.000000000000000000e+00
-4.211949636789314583e-02 -9.647072508152676473e-02 0.000000000000000000e+00
-4.207791412548064769e-02 -9.646850912993906735e-02 0.000000000000000000e+00
-4.203633442606730802e-02 -9.646626202803969263e-02 0.000000000000000000e+00
-4.199475723599419702e-02 -9.646398396321405333e-02 0.000000000000000000e+00
-4.195318252160239875e-02 -9.646167512284765932e-02 0.000000000000000000e+00
-4.191161024923298339e-02 -9.645933569432586785e-02 0.000000000000000000e+00
-4.187004038522701421e-02 -9.645696586503418879e-02 0.000000000000000000e+00
-4.182847289592556833e-02 -9.645456582235806264e-02 0.000000000000000000e+00
-4.178690774766970206e-02 -9.645213575368286052e-02 0.000000000000000000e+00
-4.174534490680050641e-02 -9.644967584639407843e-02 0.000000000000000000e+00
-4.170378433965903769e-02 -9.644718628787717074e-02 0.000000000000000000e+00
-4.166222601258638691e-02 -9.644466726551755020e-02 0.000000000000000000e+00
-4.162066989192359651e-02 -9.644211896670071282e-02 0.000000000000000000e+00
-4.157911594401175748e-02 -9.643954157881201583e-02 0.000000000000000000e+00
-4.153756413519191920e-02 -9.643693528923691360e-02 0.000000000000000000e+00
-4.149601443180517962e-02 -9.643430028536090215e-02 0.000000000000000000e+00
-4.145446680019260199e-02 -9.643163675456939421e-02 0.000000000000000000e+00
-4.141292120669524957e-02 -9.642894488424778865e-02 0.000000000000000000e+00
-4.137137761765419947e-02 -9.642622486178165087e-02 0.000000000000000000e+00
-4.132983599941050107e-02 -9.642347687455626870e-02 0.000000000000000000e+00
-4.128829631830525926e-02 -9.642070110995717980e-02 0.000000000000000000e+00
-4.124675854067953729e-02 -9.641789775536982465e-02 0.000000000000000000e+00
-4.120522263287437065e-02 -9.641506699817958825e-02 0.000000000000000000e+00
-4.116368856123087810e-02 -9.641220902577195273e-02 0.000000000000000000e+00
-4.112215629209010209e-02 -9.640932402553235858e-02 0.000000000000000000e+00
-4.108062579179311974e-02 -9.640641218484623243e-02 0.000000000000000000e+00
-4.103909702668102205e-02 -9.640347369109904252e-02 0.000000000000000000e+00
-4.099756996309484453e-02 -9.640050873167620160e-02 0.000000000000000000e+00
-4.095604456737567123e-02 -9.639751749396316405e-02 0.000000000000000000e+00
-4.091452080586458623e-02 -9.639450016534537036e-02 0.000000000000000000e+00
-4.087299864490264584e-02 -9.639145693320823327e-02 0.000000000000000000e+00
-4.083147805083092025e-02 -9.638838798493724880e-02 0.000000000000000000e+00
-4.078995898999048658e-02 -9.638529350791782968e-02 0.000000000000000000e+00
-4.074844142872242198e-02 -9.638217368953541642e-02 0.000000000000000000e+00
-4.070692533336778968e-02 -9.637902871717546338e-02 0.000000000000000000e+00
-4.066541067026765988e-02 -9.637585877822339719e-02 0.000000000000000000e+00
-4.062389740576310276e-02 -9.637266406006464448e-02 0.000000000000000000e+00
-4.058238550619518853e-02 -9.636944475008467348e-02 0.000000000000000000e+00
-4.054087493790498042e-02 -9.636620103566891082e-02 0.000000000000000000e+00
-4.049936566723358333e-02 -9.636293310420283864e-02 0.000000000000000000e+00
-4.045785766052201887e-02 -9.635964114307184192e-02 0.000000000000000000e+00
-4.041635088411140581e-02 -9.635632533966137503e-02 0.000000000000000000e+00
-4.037484530434277963e-02 -9.635298588135692011e-02 0.000000000000000000e+00
-4.033334088755722441e-02 -9.634962295554386214e-02 0.000000000000000000e+00
-4.029183760051866653e-02 -9.634623674841519270e-02 0.000000000000000000e+00
-4.025033542915680551e-02 -9.634282739211648405e-02 0.000000000000000000e+00
-4.020883438600204168e-02 -9.633939494377927182e-02 0.000000000000000000e+00
-4.016733448554488106e-02 -9.633593945500766587e-02 0.000000000000000000e+00
-4.012583574227579497e-02 -9.633246097740570668e-02 0.000000000000000000e+00
-4.008433817068533800e-02 -9.632895956257747638e-02 0.000000000000000000e+00
-4.004284178526398841e-02 -9.632543526212708485e-02 0.000000000000000000e+00
-4.000134660050223834e-02 -9.632188812765851704e-02 0.000000000000000000e+00
-3.995985263089061462e-02 -9.631831821077592448e-02 0.000000000000000000e+00
-3.991835989091963716e-02 -9.631472556308334765e-02 0.000000000000000000e+00
-3.987686839507977726e-02 -9.631111023618486866e-02 0.000000000000000000e+00
-3.983537815786154790e-02 -9.630747228168448637e-02 0.000000000000000000e+00
-3.979388919375546202e-02 -9.630381175118638004e-02 0.000000000000000000e+00
-3.975240151725204646e-02 -9.630012869629457628e-02 0.000000000000000000e+00
-3.971091514284177254e-02 -9.629642316861312945e-02 0.000000000000000000e+00
-3.966943008501515322e-02 -9.629269521974608004e-02 0.000000000000000000e+00
-3.962794635826270145e-02 -9.628894490129755179e-02 0.000000000000000000e+00
-3.958646397707492326e-02 -9.628517226487165459e-02 0.000000000000000000e+00
-3.954498295594231078e-02 -9.628137736207233177e-02 0.000000000000000000e+00
-3.950350330935539778e-02 -9.627756024450374872e-02 0.000000000000000000e+00
-3.946202505180464171e-02 -9.627372096376998756e-02 0.000000000000000000e+00
-3.942054819778060409e-02 -9.626985957147507489e-02 0.000000000000000000e+00
-3.937907276177377014e-02 -9.626597611922309283e-02 0.000000000000000000e+00
-3.933759875827461810e-02 -9.626207065861808188e-02 0.000000000000000000e+00
-3.929612620177368870e-02 -9.625814324126419352e-02 0.000000000000000000e+00
-3.925465510676145325e-02 -9.625419391876538500e-02 0.000000000000000000e+00
-3.921318548772846635e-02 -9.625022274272586331e-02 0.000000000000000000e+00
-3.917171735916518543e-02 -9.624622976474955793e-02 0.000000000000000000e+00
-3.913025073556213734e-02 -9.624221503644060649e-02 0.000000000000000000e+00
-3.908878563140982115e-02 -9.623817860940309110e-02 0.000000000000000000e+00
-3.904732206119874288e-02 -9.623412053524106613e-02 0.000000000000000000e+00
-3.900586003941943630e-02 -9.623004086555864145e-02 0.000000000000000000e+00
-3.896439958056235192e-02 -9.622593965195978816e-02 0.000000000000000000e+00
-3.892294069911804433e-02 -9.622181694604868551e-02 0.000000000000000000e+00
-3.888148340957697791e-02 -9.621767279942933238e-02 0.000000000000000000e+00
-3.884002772642970031e-02 -9.621350726370582473e-02 0.000000000000000000e+00
-3.879857366416668979e-02 -9.620932039048225859e-02 0.000000000000000000e+00
-3.875712123727845931e-02 -9.620511223136267442e-02 0.000000000000000000e+00
-3.871567046025551490e-02 -9.620088283795114048e-02 0.000000000000000000e+00
-3.867422134758835561e-02 -9.619663226185172500e-02 0.000000000000000000e+00
-3.863277391376749442e-02 -9.619236055466851010e-02 0.000000000000000000e+00
-3.859132817328343734e-02 -9.618806776800553626e-02 0.000000000000000000e+00
-3.854988414062668345e-02 -9.618375395346694112e-02 0.000000000000000000e+00
-3.850844183028774570e-02 -9.617941916265675129e-02 0.000000000000000000e+00
-3.846700125675710930e-02 -9.617506344717899336e-02 0.000000000000000000e+00
-3.842556243452531495e-02 -9.617068685863784661e-02 0.000000000000000000e+00
-3.838412537808284092e-02 -9.616628944863729600e-02 0.000000000000000000e+00
-3.834269010192020710e-02 -9.616187126878143754e-02 0.000000000000000000e+00
-3.830125662052790564e-02 -9.615743237067433946e-02 0.000000000000000000e+00
-3.825982494839643561e-02 -9.615297280592004225e-02 0.000000000000000000e+00
-3.821839510001633078e-02 -9.614849262612264191e-02 0.000000000000000000e+00
-3.817696708987808329e-02 -9.614399188288628995e-02 0.000000000000000000e+00
-3.813554093247218529e-02 -9.613947062781491582e-02 0.000000000000000000e+00
-3.809411664228916361e-02 -9.613492891251267103e-02 0.000000000000000000e+00
-3.805269423381951732e-02 -9.613036678858359607e-02 0.000000000000000000e+00
-3.801127372155373857e-02 -9.612578430763178694e-02 0.000000000000000000e+00
-3.796985511998235419e-02 -9.612118152126132575e-02 0.000000000000000000e+00
-3.792843844359583549e-02 -9.611655848107621136e-02 0.000000000000000000e+00
-3.788702370688473015e-02 -9.611191523868059527e-02 0.000000000000000000e+00
-3.784561092433951640e-02 -9.610725184567851798e-02 0.000000000000000000e+00
-3.780420011045071416e-02 -9.610256835367403383e-02 0.000000000000000000e+00
-3.776279127970880861e-02 -9.609786481427121108e-02 0.000000000000000000e+00
-3.772138444660432660e-02 -9.609314127907414571e-02 0.000000000000000000e+00
-3.767997962562776026e-02 -9.608839779968690598e-02 0.000000000000000000e+00
-3.763857683126962256e-02 -9.608363442771356011e-02 0.000000000000000000e+00
-3.759717607802041950e-02 -9.607885121475813472e-02 0.000000000000000000e+00
-3.755577738037064323e-02 -9.607404821242475357e-02 0.000000000000000000e+00
-3.751438075281082751e-02 -9.606922547231748488e-02 0.000000000000000000e+00
-3.747298620983144368e-02 -9.606438304604038303e-02 0.000000000000000000e+00
-3.743159376592302551e-02 -9.605952098519751625e-02 0.000000000000000000e+00
-3.739020343557605819e-02 -9.605463934139298054e-02 0.000000000000000000e+00
-3.734881523328106162e-02 -9.604973816623078864e-02 0.000000000000000000e+00
-3.730742917352852100e-02 -9.604481751131503653e-02 0.000000000000000000e+00
-3.726604527080896317e-02 -9.603987742824983409e-02 0.000000000000000000e+00
-3.722466353961288027e-02 -9.603491796863924956e-02 0.000000000000000000e+00
-3.718328399443079912e-02 -9.602993918408729568e-02 0.000000000000000000e+00
-3.714190664975319106e-02 -9.602494112619805455e-02 0.000000000000000000e+00
-3.710053152007058985e-02 -9.601992384657562218e-02 0.000000000000000000e+00
-3.705915861987348764e-02 -9.601488739682408069e-02 0.000000000000000000e+00
-3.701778796365239738e-02 -9.600983182854749831e-02 0.000000000000000000e+00
-3.697641956589781814e-02 -9.600475719334990166e-02 0.000000000000000000e+00
-3.693505344110025596e-02 -9.599966354283537284e-02 0.000000000000000000e+00
-3.689368960375020989e-02 -9.599455092860802174e-02 0.000000000000000000e+00
-3.685232806833820679e-02 -9.598941940227190273e-02 0.000000000000000000e+00
-3.681096884935473185e-02 -9.598426901543107015e-02 0.000000000000000000e+00
-3.676961196129030496e-02 -9.597909981968963389e-02 0.000000000000000000e+00
-3.672825741863541132e-02 -9.597391186665157892e-02 0.000000000000000000e+00
-3.668690523588057778e-02 -9.596870520792105674e-02 0.000000000000000000e+00
-3.664555542751630340e-02 -9.596347989510212173e-02 0.000000000000000000e+00
-3.660420800803308033e-02 -9.595823597979882824e-02 0.000000000000000000e+00
-3.656286299192142847e-02 -9.595297351361524452e-02 0.000000000000000000e+00
-3.652152039367185382e-02 -9.594769254815543880e-02 0.000000000000000000e+00
-3.648018022777485547e-02 -9.594239313502350708e-02 0.000000000000000000e+00
-3.643884250872093250e-02 -9.593707532582350372e-02 0.000000000000000000e+00
-3.639750725100061174e-02 -9.593173917215949698e-02 0.000000000000000000e+00
-3.635617446910438533e-02 -9.592638472563558283e-02 0.000000000000000000e+00
-3.631484417752275234e-02 -9.592101203785578789e-02 0.000000000000000000e+00
-3.627351639074623268e-02 -9.591562116042420816e-02 0.000000000000000000e+00
-3.623219112326531155e-02 -9.591021214494489799e-02 0.000000000000000000e+00
-3.619086838957052271e-02 -9.590478504302193952e-02 0.000000000000000000e+00
-3.614954820415233749e-02 -9.589933990625941485e-02 0.000000000000000000e+00
-3.610823058150128967e-02 -9.589387678626136446e-02 0.000000000000000000e+00
-3.606691553610787832e-02 -9.588839573463188437e-02 0.000000000000000000e+00
-3.602560308246260251e-02 -9.588289680297505668e-02 0.000000000000000000e+00
-3.598429323505596134e-02 -9.587738004289493576e-02 0.000000000000000000e+00
-3.594298600837848162e-02 -9.587184550599554822e-02 0.000000000000000000e+00
-3.590168141692064857e-02 -9.586629324388105944e-02 0.000000000000000000e+00
-3.586037947517298902e-02 -9.586072330815545439e-02 0.000000000000000000e+00
-3.581908019660250825e-02 -9.585513574807644210e-02 0.000000000000000000e+00
-3.577778358633082467e-02 -9.584953059376921658e-02 0.000000000000000000e+00
-3.573648964540976358e-02 -9.584390786602868528e-02 0.000000000000000000e+00
-3.569519837486380409e-02 -9.583826758558704195e-02 0.000000000000000000e+00
-3.565390977571739062e-02 -9.583260977317645257e-02 0.000000000000000000e+00
-3.561262384899496758e-02 -9.582693444952905537e-02 0.000000000000000000e+00
-3.557134059572101409e-02 -9.582124163537705797e-02 0.000000000000000000e+00
-3.553006001691996069e-02 -9.581553135145258471e-02 0.000000000000000000e+00
-3.548878211361625873e-02 -9.580980361848778770e-02 0.000000000000000000e+00
-3.544750688683437345e-02 -9.580405845721486069e-02 0.000000000000000000e+00
-3.540623433759874927e-02 -9.579829588836592802e-02 0.000000000000000000e+00
-3.536496446693385837e-02 -9.579251593267319731e-02 0.000000000000000000e+00
-3.532369727586411740e-02 -9.578671861086876516e-02 0.000000000000000000e+00
-3.528243276541401241e-02 -9.578090394368478366e-02 0.000000000000000000e+00
-3.524117093660798089e-02 -9.577507195185348821e-02 0.000000000000000000e+00
-3.519991179047048113e-02 -9.576922265610697538e-02 0.000000000000000000e+00
-3.515865532802596449e-02 -9.576335607717745280e-02 0.000000000000000000e+00
-3.511740155029888233e-02 -9.575747223579704481e-02 0.000000000000000000e+00
-3.507615045831369988e-02 -9.575157115269793129e-02 0.000000000000000000e+00
-3.503490205309485461e-02 -9.574565284861226433e-02 0.000000000000000000e+00
-3.499365633566679096e-02 -9.573971734427218216e-02 0.000000000000000000e+00
-3.495241330705399496e-02 -9.573376466040985078e-02 0.000000000000000000e+00
-3.491117296828088329e-02 -9.572779481775747779e-02 0.000000000000000000e+00
-3.486993532037194199e-02 -9.572180783704715978e-02 0.000000000000000000e+00
-3.482870036435159466e-02 -9.571580373901106276e-02 0.000000000000000000e+00
-3.478746810124431349e-02 -9.570978254438140820e-02 0.000000000000000000e+00
-3.474623853207454982e-02 -9.570374427389029270e-02 0.000000000000000000e+00
-3.470501165786676195e-02 -9.569768894826992389e-02 0.000000000000000000e+00
-3.466378747964538043e-02 -9.569161658825238448e-02 0.000000000000000000e+00
-3.462256599843487048e-02 -9.568552721456993759e-02 0.000000000000000000e+00
-3.458134721525969735e-02 -9.567942084795465207e-02 0.000000000000000000e+00
-3.454013113114429157e-02 -9.567329750913873554e-02 0.000000000000000000e+00
-3.449891774711311837e-02 -9.566715721885434009e-02 0.000000000000000000e+00
-3.445770706419063606e-02 -9.566099999783363173e-02 0.000000000000000000e+00
-3.441649908340129599e-02 -9.565482586680874866e-02 0.000000000000000000e+00
-3.437529380576954258e-02 -9.564863484651184300e-02 0.000000000000000000e+00
-3.433409123231983412e-02 -9.564242695767510849e-02 0.000000000000000000e+00
-3.429289136407662197e-02 -9.563620222103068336e-02 0.000000000000000000e+00
-3.425169420206436444e-02 -9.562996065731076134e-02 0.000000000000000000e+00
-3.421049974730749899e-02 -9.562370228724743904e-02 0.000000000000000000e+00
-3.416930800083050473e-02 -9.561742713157293794e-02 0.000000000000000000e+00
-3.412811896365780528e-02 -9.561113521101934076e-02 0.000000000000000000e+00
-3.408693263681387281e-02 -9.560482654631888288e-02 0.000000000000000000e+00
-3.404574902132316561e-02 -9.559850115820371641e-02 0.000000000000000000e+00
-3.400456811821011421e-02 -9.559215906740593793e-02 0.000000000000000000e+00
-3.396338992849919775e-02 -9.558580029465782446e-02 0.000000000000000000e+00
-3.392221445321484674e-02 -9.557942486069137544e-02 0.000000000000000000e+00
-3.388104169338152644e-02 -9.557303278623888176e-02 0.000000000000000000e+00
-3.383987165002369513e-02 -9.556662409203246777e-02 0.000000000000000000e+00
-3.379870432416578335e-02 -9.556019879880425782e-02 0.000000000000000000e+00
-3.375753971683227023e-02 -9.555375692728643178e-02 0.000000000000000000e+00
-3.371637782904759323e-02 -9.554729849821119725e-02 0.000000000000000000e+00
-3.367521866183621065e-02 -9.554082353231063696e-02 0.000000000000000000e+00
-3.363406221622256692e-02 -9.553433205031693076e-02 0.000000000000000000e+00
-3.359290849323113420e-02 -9.552782407296225853e-02 0.000000000000000000e+00
-3.355175749388634304e-02 -9.552129962097880012e-02 0.000000000000000000e+00
-3.351060921921267255e-02 -9.551475871509863824e-02 0.000000000000000000e+00
-3.346946367023454633e-02 -9.550820137605403604e-02 0.000000000000000000e+00
-3.342832084797643655e-02 -9.550162762457704846e-02 0.000000000000000000e+00
-3.338718075346278763e-02 -9.549503748139991088e-02 0.000000000000000000e+00
-3.334604338771805787e-02 -9.548843096725476154e-02 0.000000000000000000e+00
-3.330490875176671250e-02 -9.548180810287376641e-02 0.000000000000000000e+00
-3.326377684663318207e-02 -9.547516890898904984e-02 0.000000000000000000e+00
-3.322264767334191793e-02 -9.546851340633277783e-02 0.000000000000000000e+00
-3.318152123291739225e-02 -9.546184161563714410e-02 0.000000000000000000e+00
-3.314039752638405639e-02 -9.545515355763434240e-02 0.000000000000000000e+00
-3.309927655476634090e-02 -9.544844925305639993e-02 0.000000000000000000e+00
-3.305815831908873181e-02 -9.544172872263560758e-02 0.000000000000000000e+00
-3.301704282037565275e-02 -9.543499198710403419e-02 0.000000000000000000e+00
-3.297593005965156893e-02 -9.542823906719391513e-02 0.000000000000000000e+00
-3.293482003794093865e-02 -9.542146998363737476e-02 0.000000000000000000e+00
-3.289371275626821328e-02 -9.541468475716656517e-02 0.000000000000000000e+00
-3.285260821565783029e-02 -9.540788340851365235e-02 0.000000000000000000e+00
-3.281150641713426880e-02 -9.540106595841081616e-02 0.000000000000000000e+00
-3.277040736172196628e-02 -9.539423242759018096e-02 0.000000000000000000e+00
-3.272931105044536021e-02 -9.538738283678388497e-02 0.000000000000000000e+00
-3.268821748432892971e-02 -9.538051720672414968e-02 0.000000000000000000e+00
-3.264712666439712613e-02 -9.537363555814314109e-02 0.000000000000000000e+00
-3.260603859167439389e-02 -9.536673791177298354e-02 0.000000000000000000e+00
-3.256495326718517741e-02 -9.535982428834578750e-02 0.000000000000000000e+00
-3.252387069195394886e-02 -9.535289470859380223e-02 0.000000000000000000e+00
-3.248279086700515267e-02 -9.534594919324916595e-02 0.000000000000000000e+00
-3.244171379336324018e-02 -9.533898776304400302e-02 0.000000000000000000e+00
-3.240063947205266276e-02 -9.533201043871049329e-02 0.000000000000000000e+00
-3.235956790409787176e-02 -9.532501724098078888e-02 0.000000000000000000e+00
-3.231849909052333936e-02 -9.531800819058704188e-02 0.000000000000000000e+00
-3.227743303235350303e-02 -9.531098330826145992e-02 0.000000000000000000e+00
-3.223636973061280719e-02 -9.530394261473616735e-02 0.000000000000000000e+00
-3.219530918632571709e-02 -9.529688613074328851e-02 0.000000000000000000e+00
-3.215425140051667713e-02 -9.528981387701503103e-02 0.000000000000000000e+00
-3.211319637421015255e-02 -9.528272587428354701e-02 0.000000000000000000e+00
-3.207214410843058777e-02 -9.527562214328100243e-02 0.000000000000000000e+00
-3.203109460420244803e-02 -9.526850270473953552e-02 0.000000000000000000e+00
-3.199004786255017080e-02 -9.526136757939131228e-02 0.000000000000000000e+00
-3.194900388449821438e-02 -9.525421678796851255e-02 0.000000000000000000e+00
-3.190796267107103706e-02 -9.524705035120326069e-02 0.000000000000000000e+00
-3.186692422329307633e-02 -9.523986828982773656e-02 0.000000000000000000e+00
-3.182588854218881130e-02 -9.523267062457410614e-02 0.000000000000000000e+00
-3.178485562878266557e-02 -9.522545737617453543e-02 0.000000000000000000e+00
-3.174382548409911825e-02 -9.521822856536113489e-02 0.000000000000000000e+00
-3.170279810916260682e-02 -9.521098421286615376e-02 0.000000000000000000e+00
-3.166177350499758958e-02 -9.520372433942163315e-02 0.000000000000000000e+00
-3.162075167262851788e-02 -9.519644896575983617e-02 0.000000000000000000e+00
-3.157973261307984308e-02 -9.518915811261285942e-02 0.000000000000000000e+00
-3.153871632737602348e-02 -9.518185180071288276e-02 0.000000000000000000e+00
-3.149770281654150350e-02 -9.517453005079207218e-02 0.000000000000000000e+00
-3.145669208160074837e-02 -9.516719288358259365e-02 0.000000000000000000e+00
-3.141568412357820250e-02 -9.515984031981658542e-02 0.000000000000000000e+00
-3.137467894349833114e-02 -9.515247238022624121e-02 0.000000000000000000e+00
-3.133367654238555788e-02 -9.514508908554365763e-02 0.000000000000000000e+00
-3.129267692126436184e-02 -9.513769045650105616e-02 0.000000000000000000e+00
-3.125168008115919438e-02 -9.513027651383056116e-02 0.000000000000000000e+00
-3.121068602309451032e-02 -9.512284727826438024e-02 0.000000000000000000e+00
-3.116969474809474713e-02 -9.511540277053459613e-02 0.000000000000000000e+00
-3.112870625718435619e-02 -9.510794301137340256e-02 0.000000000000000000e+00
-3.108772055138781659e-02 -9.510046802151300716e-02 0.000000000000000000e+00
-3.104673763172955542e-02 -9.509297782168549262e-02 0.000000000000000000e+00
-3.100575749923404831e-02 -9.508547243262308046e-02 0.000000000000000000e+00
-3.096478015492572580e-02 -9.507795187505786727e-02 0.000000000000000000e+00
-3.092380559982906008e-02 -9.507041616972207454e-02 0.000000000000000000e+00
-3.088283383496848861e-02 -9.506286533734784050e-02 0.000000000000000000e+00
-3.084186486136846969e-02 -9.505529939866730338e-02 0.000000000000000000e+00
-3.080089868005346163e-02 -9.504771837441264304e-02 0.000000000000000000e+00
-3.075993529204791924e-02 -9.504012228531603934e-02 0.000000000000000000e+00
-3.071897469837627653e-02 -9.503251115210958888e-02 0.000000000000000000e+00
-3.067801690006300916e-02 -9.502488499552549928e-02 0.000000000000000000e+00
-3.063706189813256153e-02 -9.501724383629595039e-02 0.000000000000000000e+00
-3.059610969360938848e-02 -9.500958769515306657e-02 0.000000000000000000e+00
-3.055516028751793442e-02 -9.500191659282898604e-02 0.000000000000000000e+00
-3.051421368088266459e-02 -9.499423055005593031e-02 0.000000000000000000e+00
-3.047326987472802340e-02 -9.498652958756596820e-02 0.000000000000000000e+00
-3.043232887007846915e-02 -9.497881372609137673e-02 0.000000000000000000e+00
-3.039139066795845667e-02 -9.497108298636422474e-02 0.000000000000000000e+00
-3.035045526939242344e-02 -9.496333738911666433e-02 0.000000000000000000e+00
-3.030952267540484163e-02 -9.495557695508095863e-02 0.000000000000000000e+00
-3.026859288702015219e-02 -9.494780170498914873e-02 0.000000000000000000e+00
-3.022766590526281688e-02 -9.494001165957348387e-02 0.000000000000000000e+00
-3.018674173115729054e-02 -9.493220683956606065e-02 0.000000000000000000e+00
-3.014582036572801410e-02 -9.492438726569907281e-02 0.000000000000000000e+00
-3.010490180999944587e-02 -9.491655295870467246e-02 0.000000000000000000e+00
-3.006398606499603374e-02 -9.490870393931498394e-02 0.000000000000000000e+00
-3.002307313174224987e-02 -9.490084022826224264e-02 0.000000000000000000e+00
-2.998216301126253175e-02 -9.489296184627854513e-02 0.000000000000000000e+00
-2.994125570458132379e-02 -9.488506881409605742e-02 0.000000000000000000e+00
-2.990035121272310512e-02 -9.487716115244698711e-02 0.000000000000000000e+00
-2.985944953671230973e-02 -9.486923888206344468e-02 0.000000000000000000e+00
-2.981855067757338551e-02 -9.486130202367756836e-02 0.000000000000000000e+00
-2.977765463633080811e-02 -9.485335059802159352e-02 0.000000000000000000e+00
-2.973676141400901154e-02 -9.484538462582763063e-02 0.000000000000000000e+00
-2.969587101163245410e-02 -9.483740412782785956e-02 0.000000000000000000e+00
-2.965498343022558714e-02 -9.482940912475441853e-02 0.000000000000000000e+00
-2.961409867081286895e-02 -9.482139963733944577e-02 0.000000000000000000e+00
-2.957321673441875090e-02 -9.481337568631517665e-02 0.000000000000000000e+00
-2.953233762206768087e-02 -9.480533729241369389e-02 0.000000000000000000e+00
-2.949146133478412063e-02 -9.479728447636720512e-02 0.000000000000000000e+00
-2.945058787359251459e-02 -9.478921725890784855e-02 0.000000000000000000e+00
-2.940971723951731759e-02 -9.478113566076777630e-02 0.000000000000000000e+00
-2.936884943358299138e-02 -9.477303970267918209e-02 0.000000000000000000e+00
-2.932798445681397692e-02 -9.476492940537417642e-02 0.000000000000000000e+00
-2.928712231023473597e-02 -9.475680478958498076e-02 0.000000000000000000e+00
-2.924626299486971989e-02 -9.474866587604371948e-02 0.000000000000000000e+00
-2.920540651174338351e-02 -9.474051268548253080e-02 0.000000000000000000e+00
-2.916455286188016777e-02 -9.473234523863359458e-02 0.000000000000000000e+00
-2.912370204630453790e-02 -9.472416355622910455e-02 0.000000000000000000e+00
-2.908285406604094181e-02 -9.471596765900114345e-02 0.000000000000000000e+00
-2.904200892211384125e-02 -9.470775756768191889e-02 0.000000000000000000e+00
-2.900116661554767369e-02 -9.469953330300359684e-02 0.000000000000000000e+00
-2.896032714736691133e-02 -9.469129488569832942e-02 0.000000000000000000e+00
-2.891949051859599509e-02 -9.468304233649828261e-02 0.000000000000000000e+00
-2.887865673025936941e-02 -9.467477567613559464e-02 0.000000000000000000e+00
-2.883782578338149952e-02 -9.466649492534241761e-02 0.000000000000000000e+00
-2.879699767898684024e-02 -9.465820010485093139e-02 0.000000000000000000e+00
-2.875617241809984639e-02 -9.464989123539334359e-02 0.000000000000000000e+00
-2.871535000174495894e-02 -9.464156833770170918e-02 0.000000000000000000e+00
-2.867453043094663964e-02 -9.463323143250827740e-02 0.000000000000000000e+00
-2.863371370672933985e-02 -9.462488054054515874e-02 0.000000000000000000e+00
-2.859289983011751440e-02 -9.461651568254453304e-02 0.000000000000000000e+00
-2.855208880213561118e-02 -9.460813687923853854e-02 0.000000000000000000e+00
-2.851128062380808501e-02 -9.459974415135935510e-02 0.000000000000000000e+00
-2.847047529615765252e-02 -9.459133751964123038e-02 0.000000000000000000e+00
-2.842967281953355518e-02 -9.458291700561922977e-02 0.000000000000000000e+00
-2.838887319259491768e-02 -9.457448263283851908e-02 0.000000000000000000e+00
-2.834807641373992756e-02 -9.456603442515439106e-02 0.000000000000000000e+00
-2.830728248136679670e-02 -9.455757240642219397e-02 0.000000000000000000e+00
-2.826649139387374041e-02 -9.454909660049737319e-02 0.000000000000000000e+00
-2.822570314965895319e-02 -9.454060703123517984e-02 0.000000000000000000e+00
-2.818491774712066078e-02 -9.453210372249107318e-02 0.000000000000000000e+00
-2.814413518465704728e-02 -9.452358669812030434e-02 0.000000000000000000e+00
-2.810335546066632800e-02 -9.451505598197829094e-02 0.000000000000000000e+00
-2.806257857354671481e-02 -9.450651159792038125e-02 0.000000000000000000e+00
-2.802180452169640568e-02 -9.449795356980192351e-02 0.000000000000000000e+00
-2.798103330351361592e-02 -9.448938192147826598e-02 0.000000000000000000e+00
-2.794026491739655393e-02 -9.448079667680479854e-02 0.000000000000000000e+00
-2.789949936174341075e-02 -9.447219785963685557e-02 0.000000000000000000e+00
-2.785873663495241556e-02 -9.446358549382977143e-02 0.000000000000000000e+00
-2.781797673542175595e-02 -9.445495960323894991e-02 0.000000000000000000e+00
-2.777721966154964375e-02 -9.444632021171969760e-02 0.000000000000000000e+00
-2.773646541173429084e-02 -9.443766734312739053e-02 0.000000000000000000e+00
-2.769571398437389517e-02 -9.442900102131740470e-02 0.000000000000000000e+00
-2.765496537786668249e-02 -9.442032127014506060e-02 0.000000000000000000e+00
-2.761421959061084036e-02 -9.441162811346576200e-02 0.000000000000000000e+00
-2.757347662100458063e-02 -9.440292157513480165e-02 0.000000000000000000e+00
-2.753273646744610823e-02 -9.439420167900759717e-02 0.000000000000000000e+00
-2.749199912833362805e-02 -9.438546844893945520e-02 0.000000000000000000e+00
-2.745126460206536237e-02 -9.437672190878579337e-02 0.000000000000000000e+00
-2.741053288703950569e-02 -9.436796208240190442e-02 0.000000000000000000e+00
-2.736980398165426293e-02 -9.435918899364317824e-02 0.000000000000000000e+00
-2.732907788430784593e-02 -9.435040266636494921e-02 0.000000000000000000e+00
-2.728835459339844921e-02 -9.434160312442259333e-02 0.000000000000000000e+00
-2.724763410732429850e-02 -9.433279039167144497e-02 0.000000000000000000e+00
-2.720691642448359870e-02 -9.432396449196693566e-02 0.000000000000000000e+00
-2.716620154327454434e-02 -9.431512544916430263e-02 0.000000000000000000e+00
-2.712548946209534378e-02 -9.430627328711897739e-02 0.000000000000000000e+00
-2.708478017934420889e-02 -9.429740802968629432e-02 0.000000000000000000e+00
-2.704407369341934458e-02 -9.428852970072161555e-02 0.000000000000000000e+00
-2.700337000271895924e-02 -9.427963832408031708e-02 0.000000000000000000e+00
-2.696266910564126471e-02 -9.427073392361770554e-02 0.000000000000000000e+00
-2.692197100058444856e-02 -9.426181652318915694e-02 0.000000000000000000e+00
-2.688127568594673306e-02 -9.425288614665004727e-02 0.000000000000000000e+00
-2.684058316012633352e-02 -9.424394281785576644e-02 0.000000000000000000e+00
-2.679989342152143753e-02 -9.423498656066160717e-02 0.000000000000000000e+00
-2.675920646853026039e-02 -9.422601739892293160e-02 0.000000000000000000e+00
-2.671852229955101049e-02 -9.421703535649510186e-02 0.000000000000000000e+00
-2.667784091298189275e-02 -9.420804045723348008e-02 0.000000000000000000e+00
-2.663716230722111208e-02 -9.419903272499341451e-02 0.000000000000000000e+00
-2.659648648066688381e-02 -9.419001218363032280e-02 0.000000000000000000e+00
-2.655581343171739897e-02 -9.418097885699948379e-02 0.000000000000000000e+00
-2.651514315877086941e-02 -9.417193276895624576e-02 0.000000000000000000e+00
-2.647447566022551046e-02 -9.416287394335602634e-02 0.000000000000000000e+00
-2.643381093447953051e-02 -9.415380240405415990e-02 0.000000000000000000e+00
-2.639314897993112058e-02 -9.414471817490598082e-02 0.000000000000000000e+00
-2.635248979497850294e-02 -9.413562127976686511e-02 0.000000000000000000e+00
-2.631183337801987557e-02 -9.412651174249214714e-02 0.000000000000000000e+00
-2.627117972745344338e-02 -9.411738958693723067e-02 0.000000000000000000e+00
-2.623052884167742169e-02 -9.410825483695743621e-02 0.000000000000000000e+00
-2.618988071909001542e-02 -9.409910751640812587e-02 0.000000000000000000e+00
-2.614923535808941560e-02 -9.408994764914460629e-02 0.000000000000000000e+00
-2.610859275707386185e-02 -9.408077525902235061e-02 0.000000000000000000e+00
-2.606795291444153131e-02 -9.407159036989663770e-02 0.000000000000000000e+00
-2.602731582859063933e-02 -9.406239300562280192e-02 0.000000000000000000e+00
-2.598668149791939774e-02 -9.405318319005626093e-02 0.000000000000000000e+00
-2.594604992082600800e-02 -9.404396094705232134e-02 0.000000000000000000e+00
-2.590542109570868543e-02 -9.403472630046635916e-02 0.000000000000000000e+00
-2.586479502096561411e-02 -9.402547927415373652e-02 0.000000000000000000e+00
-2.582417169499501980e-02 -9.401621989196978779e-02 0.000000000000000000e+00
-2.578355111619511433e-02 -9.400694817776990286e-02 0.000000000000000000e+00
-2.574293328296409569e-02 -9.399766415540942999e-02 0.000000000000000000e+00
-2.570231819370016879e-02 -9.398836784874368966e-02 0.000000000000000000e+00
-2.566170584680153507e-02 -9.397905928162805789e-02 0.000000000000000000e+00
-2.562109624066642374e-02 -9.396973847791792456e-02 0.000000000000000000e+00
-2.558048937369301890e-02 -9.396040546146859629e-02 0.000000000000000000e+00
-2.553988524427953585e-02 -9.395106025613546297e-02 0.000000000000000000e+00
-2.549928385082417606e-02 -9.394170288577387284e-02 0.000000000000000000e+00
-2.545868519172515484e-02 -9.393233337423916030e-02 0.000000000000000000e+00
-2.541808926538067712e-02 -9.392295174538671521e-02 0.000000000000000000e+00
-2.537749607018894432e-02 -9.391355802307185807e-02 0.000000000000000000e+00
-2.533690560454816484e-02 -9.390415223114999266e-02 0.000000000000000000e+00
-2.529631786685654360e-02 -9.389473439347639783e-02 0.000000000000000000e+00
-2.525573285551229938e-02 -9.388530453390651898e-02 0.000000000000000000e+00
-2.521515056891362322e-02 -9.387586267629566272e-02 0.000000000000000000e+00
-2.517457100545873738e-02 -9.386640884449921896e-02 0.000000000000000000e+00
-2.513399416354583291e-02 -9.385694306237249429e-02 0.000000000000000000e+00
-2.509342004157312858e-02 -9.384746535377087862e-02 0.000000000000000000e+00
-2.505284863793882238e-02 -9.383797574254970630e-02 0.000000000000000000e+00
-2.501227995104112964e-02 -9.382847425256436724e-02 0.000000000000000000e+00
-2.497171397927825179e-02 -9.381896090767019580e-02 0.000000000000000000e+00
-2.493115072104838681e-02 -9.380943573172251249e-02 0.000000000000000000e+00
-2.489059017474975696e-02 -9.379989874857673493e-02 0.000000000000000000e+00
-2.485003233878057063e-02 -9.379034998208822527e-02 0.000000000000000000e+00
-2.480947721153901539e-02 -9.378078945611226236e-02 0.000000000000000000e+00
-2.476892479142331696e-02 -9.377121719450426385e-02 0.000000000000000000e+00
-2.472837507683166985e-02 -9.376163322111959186e-02 0.000000000000000000e+00
-2.468782806616228592e-02 -9.375203755981358078e-02 0.000000000000000000e+00
-2.464728375781337702e-02 -9.374243023444157885e-02 0.000000000000000000e+00
-2.460674215018313418e-02 -9.373281126885892045e-02 0.000000000000000000e+00
-2.456620324166978314e-02 -9.372318068692103710e-02 0.000000000000000000e+00
-2.452566703067152187e-02 -9.371353851248322153e-02 0.000000000000000000e+00
-2.448513351558654835e-02 -9.370388476940086364e-02 0.000000000000000000e+00
-2.444460269481309178e-02 -9.369421948152928392e-02 0.000000000000000000e+00
-2.440407456674933626e-02 -9.368454267272387226e-02 0.000000000000000000e+00
-2.436354912979349710e-02 -9.367485436683994915e-02 0.000000000000000000e+00
-2.432302638234378617e-02 -9.366515458773291836e-02 0.000000000000000000e+00
-2.428250632279839796e-02 -9.365544335925811426e-02 0.000000000000000000e+00
-2.424198894955555128e-02 -9.364572070527089898e-02 0.000000000000000000e+00
-2.420147426101345450e-02 -9.363598664962660689e-02 0.000000000000000000e+00
-2.416096225557030561e-02 -9.362624121618061401e-02 0.000000000000000000e+00
-2.412045293162431298e-02 -9.361648442878825471e-02 0.000000000000000000e+00
-2.407994628757367458e-02 -9.360671631130490500e-02 0.000000000000000000e+00
-2.403944232181661964e-02 -9.359693688758592700e-02 0.000000000000000000e+00
-2.399894103275133916e-02 -9.358714618148665509e-02 0.000000000000000000e+00
-2.395844241877604155e-02 -9.357734421686247916e-02 0.000000000000000000e+00
-2.391794647828893866e-02 -9.356753101756871971e-02 0.000000000000000000e+00
-2.387745320968822846e-02 -9.355770660746075273e-02 0.000000000000000000e+00
-2.383696261137212627e-02 -9.354787101039391262e-02 0.000000000000000000e+00
-2.379647468173883354e-02 -9.353802425022357536e-02 0.000000000000000000e+00
-2.375598941918656559e-02 -9.352816635080510310e-02 0.000000000000000000e+00
-2.371550682211351346e-02 -9.351829733599383021e-02 0.000000000000000000e+00
-2.367502688891789595e-02 -9.350841722964511882e-02 0.000000000000000000e+00
-2.363454961799791101e-02 -9.349852605561435881e-02 0.000000000000000000e+00
-2.359407500775178440e-02 -9.348862383775685680e-02 0.000000000000000000e+00
-2.355360305657770367e-02 -9.347871059992798881e-02 0.000000000000000000e+00
-2.351313376287388068e-02 -9.346878636598311696e-02 0.000000000000000000e+00
-2.347266712503852035e-02 -9.345885115977761726e-02 0.000000000000000000e+00
-2.343220314146984146e-02 -9.344890500516678244e-02 0.000000000000000000e+00
-2.339174181056603158e-02 -9.343894792600601629e-02 0.000000000000000000e+00
-2.335128313072530951e-02 -9.342897994615068091e-02 0.000000000000000000e+00
-2.331082710034588362e-02 -9.341900108945611070e-02 0.000000000000000000e+00
-2.327037371782595190e-02 -9.340901137977768165e-02 0.000000000000000000e+00
-2.322992298156372967e-02 -9.339901084097072814e-02 0.000000000000000000e+00
-2.318947488995742184e-02 -9.338899949689059843e-02 0.000000000000000000e+00
-2.314902944140522639e-02 -9.337897737139268239e-02 0.000000000000000000e+00
-2.310858663430536211e-02 -9.336894448833232829e-02 0.000000000000000000e+00
-2.306814646705603045e-02 -9.335890087156488437e-02 0.000000000000000000e+00
-2.302770893805544325e-02 -9.334884654494569889e-02 0.000000000000000000e+00
-2.298727404570179850e-02 -9.333878153233013397e-02 0.000000000000000000e+00
-2.294684178839331151e-02 -9.332870585757355175e-02 0.000000000000000000e+00
-2.290641216452817333e-02 -9.331861954453130048e-02 0.000000000000000000e+00
-2.286598517250460968e-02 -9.330852261705874229e-02 0.000000000000000000e+00
-2.282556081072081855e-02 -9.329841509901123930e-02 0.000000000000000000e+00
-2.278513907757501178e-02 -9.328829701424412590e-02 0.000000000000000000e+00
-2.274471997146538388e-02 -9.327816838661277810e-02 0.000000000000000000e+00
-2.270430349079015364e-02 -9.326802923997254413e-02 0.000000000000000000e+00
-2.266388963394752251e-02 -9.325787959817877226e-02 0.000000000000000000e+00
-2.262347839933570234e-02 -9.324771948508686625e-02 0.000000000000000000e+00
-2.258306978535289111e-02 -9.323754892455209109e-02 0.000000000000000000e+00
-2.254266379039730761e-02 -9.322736794042989217e-02 0.000000000000000000e+00
-2.250226041286713941e-02 -9.321717655657556223e-02 0.000000000000000000e+00
-2.246185965116061917e-02 -9.320697479684451892e-02 0.000000000000000000e+00
-2.242146150367593446e-02 -9.319676268509206885e-02 0.000000000000000000e+00
-2.238106596881129715e-02 -9.318654024517360190e-02 0.000000000000000000e+00
-2.234067304496491560e-02 -9.317630750094441083e-02 0.000000000000000000e+00
-2.230028273053499127e-02 -9.316606447625994103e-02 0.000000000000000000e+00
-2.225989502391973601e-02 -9.315581119497548523e-02 0.000000000000000000e+00
-2.221950992351735821e-02 -9.314554768094640558e-02 0.000000000000000000e+00
-2.217912742772606624e-02 -9.313527395802810582e-02 0.000000000000000000e+00
-2.213874753494405809e-02 -9.312499005007589259e-02 0.000000000000000000e+00
-2.209837024356953866e-02 -9.311469598094511413e-02 0.000000000000000000e+00
-2.205799555200072676e-02 -9.310439177449117421e-02 0.000000000000000000e+00
-2.201762345863582729e-02 -9.309407745456942107e-02 0.000000000000000000e+00
-2.197725396187304170e-02 -9.308375304503517522e-02 0.000000000000000000e+00
-2.193688706011057490e-02 -9.307341856974381267e-02 0.000000000000000000e+00
-2.189652275174663529e-02 -9.306307405255068166e-02 0.000000000000000000e+00
-2.185616103517943470e-02 -9.305271951731115820e-02 0.000000000000000000e+00
-2.181580190880717807e-02 -9.304235498788057668e-02 0.000000000000000000e+00
-2.177544537102807029e-02 -9.303198048811434084e-02 0.000000000000000000e+00
-2.173509142024031629e-02 -9.302159604186771569e-02 0.000000000000000000e+00
-2.169474005484212098e-02 -9.301120167299613273e-02 0.000000000000000000e+00
-2.165439127323169968e-02 -9.300079740535494022e-02 0.000000000000000000e+00
-2.161404507380725384e-02 -9.299038326279945865e-02 0.000000000000000000e+00
-2.157370145496699532e-02 -9.297995926918507792e-02 0.000000000000000000e+00
-2.153336041510911861e-02 -9.296952544836713239e-02 0.000000000000000000e+00
-2.149302195263184251e-02 -9.295908182420099808e-02 0.000000000000000000e+00
-2.145268606593336846e-02 -9.294862842054200935e-02 0.000000000000000000e+00
-2.141235275341190486e-02 -9.293816526124554223e-02 0.000000000000000000e+00
-2.137202201346566008e-02 -9.292769237016694495e-02 0.000000000000000000e+00
-2.133169384449283904e-02 -9.291720977116157965e-02 0.000000000000000000e+00
-2.129136824489163970e-02 -9.290671748808478070e-02 0.000000000000000000e+00
-2.125104521306028088e-02 -9.289621554479192411e-02 0.000000000000000000e+00
-2.121072474739697095e-02 -9.288570396513837202e-02 0.000000000000000000e+00
-2.117040684629991135e-02 -9.287518277297947267e-02 0.000000000000000000e+00
-2.113009150816730353e-02 -9.286465199217057431e-02 0.000000000000000000e+00
-2.108977873139736281e-02 -9.285411164656702521e-02 0.000000000000000000e+00
-2.104946851438829064e-02 -9.284356176002421523e-02 0.000000000000000000e+00
-2.100916085553829887e-02 -9.283300235639747877e-02 0.000000000000000000e+00
-2.096885575324558548e-02 -9.282243345954215019e-02 0.000000000000000000e+00
-2.092855320590837620e-02 -9.281185509331364714e-02 0.000000000000000000e+00
-2.088825321192484818e-02 -9.280126728156726235e-02 0.000000000000000000e+00
-2.084795576969323064e-02 -9.279067004815838571e-02 0.000000000000000000e+00
-2.080766087761172847e-02 -9.278006341694236547e-02 0.000000000000000000e+00
-2.076736853407854314e-02 -9.276944741177454989e-02 0.000000000000000000e+00
-2.072707873749187954e-02 -9.275882205651031498e-02 0.000000000000000000e+00
-2.068679148624994954e-02 -9.274818737500500898e-02 0.000000000000000000e+00
-2.064650677875095805e-02 -9.273754339111396627e-02 0.000000000000000000e+00
-2.060622461339310652e-02 -9.272689012869256286e-02 0.000000000000000000e+00
-2.056594498857461720e-02 -9.271622761159616088e-02 0.000000000000000000e+00
-2.052566790269367419e-02 -9.270555586368010859e-02 0.000000000000000000e+00
-2.048539335414849977e-02 -9.269487490879976810e-02 0.000000000000000000e+00
-2.044512134133730577e-02 -9.268418477081047380e-02 0.000000000000000000e+00
-2.040485186265828324e-02 -9.267348547356761557e-02 0.000000000000000000e+00
-2.036458491650964750e-02 -9.266277704092650003e-02 0.000000000000000000e+00
-2.032432050128959999e-02 -9.265205949674254482e-02 0.000000000000000000e+00
-2.028405861539635605e-02 -9.264133286487107044e-02 0.000000000000000000e+00
-2.024379925722812057e-02 -9.263059716916745290e-02 0.000000000000000000e+00
-2.020354242518309154e-02 -9.261985243348701269e-02 0.000000000000000000e+00
-2.016328811765948775e-02 -9.260909868168512582e-02 0.000000000000000000e+00
-2.012303633305550024e-02 -9.259833593761715442e-02 0.000000000000000000e+00
-2.008278706976935474e-02 -9.258756422513844675e-02 0.000000000000000000e+00
-2.004254032619924575e-02 -9.257678356810437881e-02 0.000000000000000000e+00
-2.000229610074338166e-02 -9.256599399037027109e-02 0.000000000000000000e+00
-1.996205439179997779e-02 -9.255519551579154125e-02 0.000000000000000000e+00
-1.992181519776722171e-02 -9.254438816822346814e-02 0.000000000000000000e+00
-1.988157851704333914e-02 -9.253357197152142777e-02 0.000000000000000000e+00
-1.984134434801623423e-02 -9.252274694933815269e-02 0.000000000000000000e+00
-1.980111268871667315e-02 -9.251191311830089803e-02 0.000000000000000000e+00
-1.976088353673522216e-02 -9.250107048637667972e-02 0.000000000000000000e+00
-1.972065688963527824e-02 -9.249021906099824664e-02 0.000000000000000000e+00
-1.968043274498023840e-02 -9.247935884959830599e-02 0.000000000000000000e+00
-1.964021110033349615e-02 -9.246848985960962053e-02 0.000000000000000000e+00
-1.959999195325845198e-02 -9.245761209846495299e-02 0.000000000000000000e+00
-1.955977530131849940e-02 -9.244672557359701059e-02 0.000000000000000000e+00
-1.951956114207703194e-02 -9.243583029243854221e-02 0.000000000000000000e+00
-1.947934947309745701e-02 -9.242492626242232445e-02 0.000000000000000000e+00
-1.943914029194316467e-02 -9.241401349098105067e-02 0.000000000000000000e+00
-1.939893359617755192e-02 -9.240309198554748360e-02 0.000000000000000000e+00
-1.935872938336401922e-02 -9.239216175355437211e-02 0.000000000000000000e+00
-1.931852765106594969e-02 -9.238122280243446505e-02 0.000000000000000000e+00
-1.927832839684676461e-02 -9.237027513962048353e-02 0.000000000000000000e+00
-1.923813161826984364e-02 -9.235931877254519029e-02 0.000000000000000000e+00
-1.919793731289858030e-02 -9.234835370864130644e-02 0.000000000000000000e+00
-1.915774547829638894e-02 -9.233737995534159471e-02 0.000000000000000000e+00
-1.911755611202664226e-02 -9.232639752007877620e-02 0.000000000000000000e+00
-1.907736921165276156e-02 -9.231540641028561367e-02 0.000000000000000000e+00
-1.903718477473812995e-02 -9.230440663339484209e-02 0.000000000000000000e+00
-1.899700279884614443e-02 -9.229339819683918256e-02 0.000000000000000000e+00
-1.895682328154020546e-02 -9.228238110805141170e-02 0.000000000000000000e+00
-1.891664622038371005e-02 -9.227135537446427838e-02 0.000000000000000000e+00
-1.887647161294005518e-02 -9.226032100351048981e-02 0.000000000000000000e+00
-1.883629945677263093e-02 -9.224927800262280875e-02 0.000000000000000000e+00
-1.879612974944485163e-02 -9.223822637923397016e-02 0.000000000000000000e+00
-1.875596248852009346e-02 -9.222716614077672292e-02 0.000000000000000000e+00
-1.871579767156176383e-02 -9.221609729468381589e-02 0.000000000000000000e+00
-1.867563529613325279e-02 -9.220501984838794240e-02 0.000000000000000000e+00
-1.863547535979797123e-02 -9.219393380932190685e-02 0.000000000000000000e+00
-1.859531786011929880e-02 -9.218283918491841644e-02 0.000000000000000000e+00
-1.855516279466064289e-02 -9.217173598261023393e-02 0.000000000000000000e+00
-1.851501016098539704e-02 -9.216062420983010817e-02 0.000000000000000000e+00
-1.847485995665696518e-02 -9.214950387401077414e-02 0.000000000000000000e+00
-1.843471217923873043e-02 -9.213837498258491132e-02 0.000000000000000000e+00
-1.839456682629410020e-02 -9.212723754298535184e-02 0.000000000000000000e+00
-1.835442389538647148e-02 -9.211609156264483067e-02 0.000000000000000000e+00
-1.831428338407922740e-02 -9.210493704899601342e-02 0.000000000000000000e+00
-1.827414528993578924e-02 -9.209377400947173220e-02 0.000000000000000000e+00
-1.823400961051952970e-02 -9.208260245150466650e-02 0.000000000000000000e+00
-1.819387634339386661e-02 -9.207142238252759292e-02 0.000000000000000000e+00
-1.815374548612216921e-02 -9.206023380997323258e-02 0.000000000000000000e+00
-1.811361703626786571e-02 -9.204903674127434821e-02 0.000000000000000000e+00
-1.807349099139433229e-02 -9.203783118386367479e-02 0.000000000000000000e+00
-1.803336734906497291e-02 -9.202661714517393343e-02 0.000000000000000000e+00
-1.799324610684318454e-02 -9.201539463263790075e-02 0.000000000000000000e+00
-1.795312726229235725e-02 -9.200416365368828397e-02 0.000000000000000000e+00
-1.791301081297589845e-02 -9.199292421575785972e-02 0.000000000000000000e+00
-1.787289675645720513e-02 -9.198167632627936297e-02 0.000000000000000000e+00
-1.783278509029966041e-02 -9.197041999268552870e-02 0.000000000000000000e+00
-1.779267581206667517e-02 -9.195915522240907802e-02 0.000000000000000000e+00
-1.775256891932163600e-02 -9.194788202288277368e-02 0.000000000000000000e+00
-1.771246440962795030e-02 -9.193660040153940616e-02 0.000000000000000000e+00
-1.767236228054900812e-02 -9.192531036581159942e-02 0.000000000000000000e+00
-1.763226252964820301e-02 -9.191401192313221336e-02 0.000000000000000000e+00
-1.759216515448893889e-02 -9.190270508093394131e-02 0.000000000000000000e+00
-1.755207015263461623e-02 -9.189138984664953214e-02 0.000000000000000000e+00
-1.751197752164861468e-02 -9.188006622771172083e-02 0.000000000000000000e+00
-1.747188725909435206e-02 -9.186873423155324236e-02 0.000000000000000000e+00
-1.743179936253520801e-02 -9.185739386560685948e-02 0.000000000000000000e+00
-1.739171382953458994e-02 -9.184604513730530717e-02 0.000000000000000000e+00
-1.735163065765588791e-02 -9.183468805408133429e-02 0.000000000000000000e+00
-1.731154984446250933e-02 -9.182332262336764805e-02 0.000000000000000000e+00
-1.727147138751783384e-02 -9.181194885259702509e-02 0.000000000000000000e+00
-1.723139528438527579e-02 -9.180056674920221427e-02 0.000000000000000000e+00
-1.719132153262822524e-02 -9.178917632061596443e-02 0.000000000000000000e+00
-1.715125012981007224e-02 -9.177777757427095506e-02 0.000000000000000000e+00
-1.711118107349422768e-02 -9.176637051760000441e-02 0.000000000000000000e+00
-1.707111436124407119e-02 -9.175495515803579194e-02 0.000000000000000000e+00
-1.703104999062302061e-02 -9.174353150301110815e-02 0.000000000000000000e+00
-1.699098795919445209e-02 -9.173209955995867415e-02 0.000000000000000000e+00
-1.695092826452177306e-02 -9.172065933631123880e-02 0.000000000000000000e+00
-1.691087090416838051e-02 -9.170921083950153707e-02 0.000000000000000000e+00
-1.687081587569766797e-02 -9.169775407696233172e-02 0.000000000000000000e+00
-1.683076317667303590e-02 -9.168628905612634383e-02 0.000000000000000000e+00
-1.679071280465788477e-02 -9.167481578442630841e-02 0.000000000000000000e+00
-1.675066475721559076e-02 -9.166333426929497430e-02 0.000000000000000000e+00
-1.671061903190957515e-02 -9.165184451816510425e-02 0.000000000000000000e+00
-1.667057562630322454e-02 -9.164034653846941936e-02 0.000000000000000000e+00
-1.663053453795993938e-02 -9.162884033764068237e-02 0.000000000000000000e+00
-1.659049576444311322e-02 -9.161732592311161438e-02 0.000000000000000000e+00
-1.655045930331613610e-02 -9.160580330231496426e-02 0.000000000000000000e+00
-1.651042515214241890e-02 -9.159427248268348087e-02 0.000000000000000000e+00
-1.647039330848534822e-02 -9.158273347164988532e-02 0.000000000000000000e+00
-1.643036376990832798e-02 -9.157118627664696808e-02 0.000000000000000000e+00
-1.639033653397475171e-02 -9.155963090510742253e-02 0.000000000000000000e+00
-1.635031159824801295e-02 -9.154806736446399751e-02 0.000000000000000000e+00
-1.631028896029151562e-02 -9.153649566214945577e-02 0.000000000000000000e+00
-1.627026861766864979e-02 -9.152491580559653228e-02 0.000000000000000000e+00
-1.623025056794281593e-02 -9.151332780223796204e-02 0.000000000000000000e+00
-1.619023480867741449e-02 -9.150173165950652165e-02 0.000000000000000000e+00
-1.615022133743582514e-02 -9.149012738483489060e-02 0.000000000000000000e+00
-1.611021015178146568e-02 -9.147851498565584549e-02 0.000000000000000000e+00
-1.607020124927772964e-02 -9.146689446940213519e-02 0.000000000000000000e+00
-1.603019462748800361e-02 -9.145526584350652244e-02 0.000000000000000000e+00
-1.599019028397569153e-02 -9.144362911540168670e-02 0.000000000000000000e+00
-1.595018821630418346e-02 -9.143198429252041848e-02 0.000000000000000000e+00
-1.591018842203688680e-02 -9.142033138229543887e-02 0.000000000000000000e+00
-1.587019089873719160e-02 -9.140867039215952450e-02 0.000000000000000000e+00
-1.583019564396849488e-02 -9.139700132954536871e-02 0.000000000000000000e+00
-1.579020265529419709e-02 -9.138532420188576200e-02 0.000000000000000000e+00
-1.575021193027769176e-02 -9.137363901661341159e-02 0.000000000000000000e+00
-1.571022346648237589e-02 -9.136194578116108023e-02 0.000000000000000000e+00
-1.567023726147164994e-02 -9.135024450296148901e-02 0.000000000000000000e+00
-1.563025331280890398e-02 -9.133853518944738681e-02 0.000000000000000000e+00
-1.559027161805753500e-02 -9.132681784805152247e-02 0.000000000000000000e+00
-1.555029217478095041e-02 -9.131509248620665875e-02 0.000000000000000000e+00
-1.551031498054254026e-02 -9.130335911134548899e-02 0.000000000000000000e+00
-1.547034003290569809e-02 -9.129161773090080367e-02 0.000000000000000000e+00
-1.543036732943382956e-02 -9.127986835230532392e-02 0.000000000000000000e+00
-1.539039686769031780e-02 -9.126811098299179859e-02 0.000000000000000000e+00
-1.535042864523857541e-02 -9.125634563039293490e-02 0.000000000000000000e+00
-1.531046265964198724e-02 -9.124457230194152335e-02 0.000000000000000000e+00
-1.527049890846395724e-02 -9.123279100507031281e-02 0.000000000000000000e+00
-1.523053738926787894e-02 -9.122100174721201049e-02 0.000000000000000000e+00
-1.519057809961714758e-02 -9.120920453579935139e-02 0.000000000000000000e+00
-1.515062103707516539e-02 -9.119739937826509824e-02 0.000000000000000000e+00
-1.511066619920532414e-02 -9.118558628204201377e-02 0.000000000000000000e+00
-1.507071358357102431e-02 -9.117376525456279135e-02 0.000000000000000000e+00
-1.503076318773565942e-02 -9.116193630326020758e-02 0.000000000000000000e+00
-1.499081500926262647e-02 -9.115009943556699745e-02 0.000000000000000000e+00
-1.495086904571532593e-02 -9.113825465891590982e-02 0.000000000000000000e+00
-1.491092529461161310e-02 -9.112640198091952193e-02 0.000000000000000000e+00
-1.487098374605452973e-02 -9.111454143847327880e-02 0.000000000000000000e+00
-1.483104437458762290e-02 -9.110267312992055555e-02 0.000000000000000000e+00
-1.479110715279365919e-02 -9.109079716134831084e-02 0.000000000000000000e+00
-1.475117205325543121e-02 -9.107891363884361435e-02 0.000000000000000000e+00
-1.471123904855569861e-02 -9.106702266849341088e-02 0.000000000000000000e+00
-1.467130811127723665e-02 -9.105512435638471458e-02 0.000000000000000000e+00
-1.463137921400280844e-02 -9.104321880860447025e-02 0.000000000000000000e+00
-1.459145232931519966e-02 -9.103130613123973369e-02 0.000000000000000000e+00
-1.455152742979716994e-02 -9.101938643037740806e-02 0.000000000000000000e+00
-1.451160448803150149e-02 -9.100745981210454916e-02 0.000000000000000000e+00
-1.447168347660096090e-02 -9.099552638250814340e-02 0.000000000000000000e+00
-1.443176436808832168e-02 -9.098358624767514946e-02 0.000000000000000000e+00
-1.439184713507635216e-02 -9.097163951369258150e-02 0.000000000000000000e+00
-1.435193175014783107e-02 -9.095968628664741207e-02 0.000000000000000000e+00
-1.431201818588552846e-02 -9.094772667262665533e-02 0.000000000000000000e+00
-1.427210641487221439e-02 -9.093576077771726995e-02 0.000000000000000000e+00
-1.423219640969066238e-02 -9.092378870800627011e-02 0.000000000000000000e+00
-1.419228814292363555e-02 -9.091181056958061446e-02 0.000000000000000000e+00
-1.415238158715392477e-02 -9.089982646852733106e-02 0.000000000000000000e+00
-1.411247671496428796e-02 -9.088783651093339244e-02 0.000000000000000000e+00
-1.407257349893750210e-02 -9.087584080288577115e-02 0.000000000000000000e+00
-1.403267191165633899e-02 -9.086383945047150912e-02 0.000000000000000000e+00
-1.399277192570356175e-02 -9.085183255977752337e-02 0.000000000000000000e+00
-1.395287351366195604e-02 -9.083982023689086971e-02 0.000000000000000000e+00
-1.391297664811429365e-02 -9.082780258789850680e-02 0.000000000000000000e+00
-1.387308130164333596e-02 -9.081577971888740719e-02 0.000000000000000000e+00
-1.383318744683185997e-02 -9.080375173594458504e-02 0.000000000000000000e+00
-1.379329505626263747e-02 -9.079171874515702678e-02 0.000000000000000000e+00
-1.375340410251844198e-02 -9.077968085261173270e-02 0.000000000000000000e+00
-1.371351455818204529e-02 -9.076763816439566146e-02 0.000000000000000000e+00
-1.367362639583622440e-02 -9.075559078659584111e-02 0.000000000000000000e+00
-1.363373958806374242e-02 -9.074353882529923032e-02 0.000000000000000000e+00
-1.359385410744736594e-02 -9.073148238659284326e-02 0.000000000000000000e+00
-1.355396992656988757e-02 -9.071942157656363859e-02 0.000000000000000000e+00
-1.351408701801406348e-02 -9.070735650129863048e-02 0.000000000000000000e+00
-1.347420535436267240e-02 -9.069528726688480536e-02 0.000000000000000000e+00
-1.343432490819848266e-02 -9.068321397940913575e-02 0.000000000000000000e+00
-1.339444565210426777e-02 -9.067113674495864972e-02 0.000000000000000000e+00
-1.335456755866279953e-02 -9.065905566962029205e-02 0.000000000000000000e+00
-1.331469060045684973e-02 -9.064697085948109079e-02 0.000000000000000000e+00
-1.327481475006919362e-02 -9.063488242062800460e-02 0.000000000000000000e+00
-1.323493998008260300e-02 -9.062279045914803377e-02 0.000000000000000000e+00
-1.319506626307983752e-02 -9.061069508112815085e-02 0.000000000000000000e+00
-1.315519357164368630e-02 -9.059859639265539777e-02 0.000000000000000000e+00
-1.311532187835691768e-02 -9.058649449981674706e-02 0.000000000000000000e+00
-1.307545115580229650e-02 -9.057438950869912964e-02 0.000000000000000000e+00
-1.303558137656259629e-02 -9.056228152538958742e-02 0.000000000000000000e+00
-1.299571251322059577e-02 -9.055017065597510684e-02 0.000000000000000000e+00
-1.295584453835906327e-02 -9.053805700654267430e-02 0.000000000000000000e+00
-1.291597742456076885e-02 -9.052594068317927622e-02 0.000000000000000000e+00
-1.287611114440848775e-02 -9.051382179197189903e-02 0.000000000000000000e+00
-1.283624567048498484e-02 -9.050170043900754302e-02 0.000000000000000000e+00
-1.279638097537304404e-02 -9.048957673037319460e-02 0.000000000000000000e+00
-1.275651703165543369e-02 -9.047745077215582632e-02 0.000000000000000000e+00
-1.271665381191491861e-02 -9.046532267044243847e-02 0.000000000000000000e+00
-1.267679128873427929e-02 -9.045319253132005910e-02 0.000000000000000000e+00
-1.263692943469627711e-02 -9.044106046087560524e-02 0.000000000000000000e+00
-1.259706822238369772e-02 -9.042892656519610495e-02 0.000000000000000000e+00
-1.255720762437930599e-02 -9.041679095036855851e-02 0.000000000000000000e+00
-1.251734761326587370e-02 -9.040465372247995235e-02 0.000000000000000000e+00
-1.247748816162617784e-02 -9.039251498761725900e-02 0.000000000000000000e+00
-1.243762924204297807e-02 -9.038037485186746489e-02 0.000000000000000000e+00
-1.239777082709906178e-02 -9.036823342131759806e-02 0.000000000000000000e+00
-1.235791288937719383e-02 -9.035609080205458943e-02 0.000000000000000000e+00
-1.231805540146014774e-02 -9.034394710016548091e-02 0.000000000000000000e+00
-1.227819833593069183e-02 -9.033180242173724506e-02 0.000000000000000000e+00
-1.223834166537159790e-02 -9.031965687285685440e-02 0.000000000000000000e+00
-1.219848536236564467e-02 -9.030751055961130924e-02 0.000000000000000000e+00
-1.215862939949559872e-02 -9.029536358808762375e-02 0.000000000000000000e+00
-1.211877374934423705e-02 -9.028321606437274272e-02 0.000000000000000000e+00
-1.207891838449433146e-02 -9.027106809455369418e-02 0.000000000000000000e+00
-1.203906327752864158e-02 -9.025891978471746457e-02 0.000000000000000000e+00
-1.199920840102995656e-02 -9.024677124095102643e-02 0.000000000000000000e+00
-1.195935372758103951e-02 -9.023462256934135228e-02 0.000000000000000000e+00
